0 0.052773321219424754 166.10708840369662
1 0.052773321219424754 166.10708840369662
2 0.052773321219424754 166.10708840369662
3 0.052773321219424754 166.10708840369662
4 -0.05336220811028276 160.90644746654095
5 0.052773321219424754 166.10708840369662
6 -0.1537821968202268 155.9858680197537
7 -0.5868298395088534 134.76328071371947
8 -0.5868298395088534 134.76328071371947
9 -0.5868298395088534 134.76328071371947
10 -0.1537821968202268 155.9858680197537
11 -0.5868298395088534 134.76328071371947
12 -0.05336220811028276 160.90644746654095
13 -0.5868298395088534 134.76328071371947
14 0.10068048205353451 168.454539284568
15 0.10068048205353451 168.454539284568
16 0.10068048205353451 168.454539284568
17 0.10068048205353451 168.454539284568
18 0.10068048205353451 168.454539284568
19 0.10068048205353451 168.454539284568
20 0.10068048205353451 168.454539284568
21 0.10068048205353451 168.454539284568
22 0.10068048205353451 168.454539284568
23 0.10068048205353451 168.454539284568
24 0.10068048205353451 168.454539284568
25 0.10068048205353451 168.454539284568
26 0.10068048205353451 168.454539284568
27 0.10068048205353451 168.454539284568
28 0.056641063125707616 166.29660775710448
29 0.056641063125707616 166.29660775710448
30 0.056641063125707616 166.29660775710448
31 0.056641063125707616 166.29660775710448
32 0.056641063125707616 166.29660775710448
33 0.056641063125707616 166.29660775710448
34 0.05658922441602142 166.29406766032986
35 0.05658922441602142 166.29406766032986
36 0.05658922441602142 166.29406766032986
37 0.05658922441602142 166.29406766032986
38 0.05658922441602142 166.29406766032986
39 0.05658922441602142 166.29406766032986
40 0.056641063125707616 166.29660775710448
41 0.05658922441602142 166.29406766032986
42 -0.4406015027183526 141.928469216454
43 -0.4406015027183526 141.928469216454
44 -0.4406015027183526 141.928469216454
45 -0.4406015027183526 141.928469216454
46 -0.21524832502802954 152.97402773757136
47 -0.4406015027183526 141.928469216454
48 -0.22698838742149335 152.39683163189898
49 -0.11146377736592364 158.05947057301455
50 -0.11146377736592364 158.05947057301455
51 -0.11146377736592364 158.05947057301455
52 -0.22698838742149335 152.39683163189898
53 -0.11146377736592364 158.05947057301455
54 -0.21524832502802954 152.97402773757136
55 -0.11146377736592364 158.05947057301455
56 -0.30102216498845774 148.77110957951038
57 -0.30102216498845774 148.77110957951038
58 -0.30102216498845774 148.77110957951038
59 -0.30102216498845774 148.77110957951038
60 -0.006832832836131061 163.1863868549744
61 -0.30102216498845774 148.77110957951038
62 -0.19317284329910034 154.0557263422889
63 -0.012432948196843027 162.9119812022995
64 -0.012432948196843027 162.9119812022995
65 -0.012432948196843027 162.9119812022995
66 -0.19317284329910034 154.0557263422889
67 -0.012432948196843027 162.9119812022995
68 -0.006832832836131061 163.1863868549744
69 -0.012432948196843027 162.9119812022995
70 0.10068048205353451 168.454539284568
71 0.10068048205353451 168.454539284568
72 0.10068048205353451 168.454539284568
73 0.10068048205353451 168.454539284568
74 0.009134859361143192 163.96880377264083
75 0.10068048205353451 168.454539284568
76 0.10068048205353451 168.454539284568
77 0.009134859361143192 163.96880377264083
78 0.009134859361143192 163.96880377264083
79 0.009134859361143192 163.96880377264083
80 0.10068048205353451 168.454539284568
81 0.009134859361143192 163.96880377264083
82 0.009134859361143192 163.96880377264083
83 0.009134859361143192 163.96880377264083
84 0.009134859361143192 163.96880377264083
85 0.009134859361143192 163.96880377264083
86 0.009134859361143192 163.96880377264083
87 0.009134859361143192 163.96880377264083
88 0.009134859361143192 163.96880377264083
89 0.009134859361143192 163.96880377264083
90 0.009134859361143192 163.96880377264083
91 0.009134859361143192 163.96880377264083
92 0.009134859361143192 163.96880377264083
93 0.009134859361143192 163.96880377264083
94 0.009134859361143192 163.96880377264083
95 0.009134859361143192 163.96880377264083
96 0.009134859361143192 163.96880377264083
97 0.009134859361143192 163.96880377264083
98 0.009134859361143192 163.96880377264083
99 0.009134859361143192 163.96880377264083
100 0.009134859361143192 163.96880377264083
101 0.009134859361143192 163.96880377264083
102 0.10068048205353451 168.454539284568
103 0.009134859361143192 163.96880377264083
104 0.009134859361143192 163.96880377264083
105 0.10068048205353451 168.454539284568
106 0.10068048205353451 168.454539284568
107 0.10068048205353451 168.454539284568
108 0.009134859361143192 163.96880377264083
109 0.10068048205353451 168.454539284568
110 0.10068048205353451 168.454539284568
111 0.10068048205353451 168.454539284568
112 0.10068048205353451 168.454539284568
113 0.10068048205353451 168.454539284568
114 0.10068048205353451 168.454539284568
115 0.10068048205353451 168.454539284568
116 0.009134859361143192 163.96880377264083
117 0.10068048205353451 168.454539284568
118 0.10068048205353451 168.454539284568
119 0.009134859361143192 163.96880377264083
120 0.009134859361143192 163.96880377264083
121 0.009134859361143192 163.96880377264083
122 0.10068048205353451 168.454539284568
123 0.009134859361143192 163.96880377264083
124 0.009134859361143192 163.96880377264083
125 0.009134859361143192 163.96880377264083
126 0.009134859361143192 163.96880377264083
127 0.009134859361143192 163.96880377264083
128 0.009134859361143192 163.96880377264083
129 0.009134859361143192 163.96880377264083
130 0.10068048205353451 168.454539284568
131 0.009134859361143192 163.96880377264083
132 0.009134859361143192 163.96880377264083
133 0.10068048205353451 168.454539284568
134 0.10068048205353451 168.454539284568
135 0.10068048205353451 168.454539284568
136 0.009134859361143192 163.96880377264083
137 0.10068048205353451 168.454539284568
138 0.10068048205353451 168.454539284568
139 0.10068048205353451 168.454539284568
140 0.006205602450723764 163.82527018403027
141 0.006205602450723764 163.82527018403027
142 0.006205602450723764 163.82527018403027
143 0.006205602450723764 163.82527018403027
144 0.009134859361143192 163.96880377264083
145 0.006205602450723764 163.82527018403027
146 0.006205602450723764 163.82527018403027
147 0.009134859361143192 163.96880377264083
148 0.009134859361143192 163.96880377264083
149 0.009134859361143192 163.96880377264083
150 0.006205602450723764 163.82527018403027
151 0.009134859361143192 163.96880377264083
152 0.009134859361143192 163.96880377264083
153 0.009134859361143192 163.96880377264083
154 0.009134859361143192 163.96880377264083
155 0.009134859361143192 163.96880377264083
156 0.009134859361143192 163.96880377264083
157 0.009134859361143192 163.96880377264083
158 0.009134859361143192 163.96880377264083
159 0.009134859361143192 163.96880377264083
160 0.009134859361143192 163.96880377264083
161 0.009134859361143192 163.96880377264083
162 0.009134859361143192 163.96880377264083
163 0.009134859361143192 163.96880377264083
164 0.009134859361143192 163.96880377264083
165 0.009134859361143192 163.96880377264083
166 0.009134859361143192 163.96880377264083
167 0.009134859361143192 163.96880377264083
168 0.009134859361143192 163.96880377264083
169 0.009134859361143192 163.96880377264083
170 0.009134859361143192 163.96880377264083
171 0.009134859361143192 163.96880377264083
172 0.10068048205353451 168.454539284568
173 0.009134859361143192 163.96880377264083
174 0.009134859361143192 163.96880377264083
175 0.10068048205353451 168.454539284568
176 0.10068048205353451 168.454539284568
177 0.10068048205353451 168.454539284568
178 0.009134859361143192 163.96880377264083
179 0.10068048205353451 168.454539284568
180 0.10068048205353451 168.454539284568
181 0.10068048205353451 168.454539284568
182 0.006205602450723764 163.82527018403027
183 0.006205602450723764 163.82527018403027
184 0.006205602450723764 163.82527018403027
185 0.006205602450723764 163.82527018403027
186 0.009134859361143192 163.96880377264083
187 0.006205602450723764 163.82527018403027
188 0.006205602450723764 163.82527018403027
189 0.009134859361143192 163.96880377264083
190 0.009134859361143192 163.96880377264083
191 0.009134859361143192 163.96880377264083
192 0.006205602450723764 163.82527018403027
193 0.009134859361143192 163.96880377264083
194 0.009134859361143192 163.96880377264083
195 0.009134859361143192 163.96880377264083
196 0.009134859361143192 163.96880377264083
197 0.009134859361143192 163.96880377264083
198 0.009134859361143192 163.96880377264083
199 0.009134859361143192 163.96880377264083
200 0.009134859361143192 163.96880377264083
201 0.009134859361143192 163.96880377264083
202 0.009134859361143192 163.96880377264083
203 0.009134859361143192 163.96880377264083
204 0.009134859361143192 163.96880377264083
205 0.009134859361143192 163.96880377264083
206 0.009134859361143192 163.96880377264083
207 0.009134859361143192 163.96880377264083
208 0.009134859361143192 163.96880377264083
209 0.009134859361143192 163.96880377264083
210 0.057809418855729364 166.35385718787555
211 0.057809418855729364 166.35385718787555
212 0.057809418855729364 166.35385718787555
213 0.057809418855729364 166.35385718787555
214 0.006205602450723764 163.82527018403027
215 0.057809418855729364 166.35385718787555
216 0.057809418855729364 166.35385718787555
217 0.006205602450723764 163.82527018403027
218 0.006205602450723764 163.82527018403027
219 0.006205602450723764 163.82527018403027
220 0.057809418855729364 166.35385718787555
221 0.006205602450723764 163.82527018403027
222 0.006205602450723764 163.82527018403027
223 0.006205602450723764 163.82527018403027
224 0.009134859361143192 163.96880377264083
225 0.009134859361143192 163.96880377264083
226 0.009134859361143192 163.96880377264083
227 0.009134859361143192 163.96880377264083
228 0.009134859361143192 163.96880377264083
229 0.009134859361143192 163.96880377264083
230 0.009134859361143192 163.96880377264083
231 0.009134859361143192 163.96880377264083
232 0.009134859361143192 163.96880377264083
233 0.009134859361143192 163.96880377264083
234 0.009134859361143192 163.96880377264083
235 0.009134859361143192 163.96880377264083
236 0.009134859361143192 163.96880377264083
237 0.009134859361143192 163.96880377264083
238 0.009134859361143192 163.96880377264083
239 0.009134859361143192 163.96880377264083
240 0.009134859361143192 163.96880377264083
241 0.009134859361143192 163.96880377264083
242 0.006205602450723764 163.82527018403027
243 0.009134859361143192 163.96880377264083
244 0.009134859361143192 163.96880377264083
245 0.006205602450723764 163.82527018403027
246 0.006205602450723764 163.82527018403027
247 0.006205602450723764 163.82527018403027
248 0.009134859361143192 163.96880377264083
249 0.006205602450723764 163.82527018403027
250 0.006205602450723764 163.82527018403027
251 0.006205602450723764 163.82527018403027
252 0.009134859361143192 163.96880377264083
253 0.009134859361143192 163.96880377264083
254 0.009134859361143192 163.96880377264083
255 0.009134859361143192 163.96880377264083
256 0.10068048205353451 168.454539284568
257 0.009134859361143192 163.96880377264083
258 0.009134859361143192 163.96880377264083
259 0.10068048205353451 168.454539284568
260 0.10068048205353451 168.454539284568
261 0.10068048205353451 168.454539284568
262 0.009134859361143192 163.96880377264083
263 0.10068048205353451 168.454539284568
264 0.10068048205353451 168.454539284568
265 0.10068048205353451 168.454539284568
266 0.10068048205353451 168.454539284568
267 0.10068048205353451 168.454539284568
268 0.10068048205353451 168.454539284568
269 0.10068048205353451 168.454539284568
270 0.009134859361143192 163.96880377264083
271 0.10068048205353451 168.454539284568
272 0.10068048205353451 168.454539284568
273 0.009134859361143192 163.96880377264083
274 0.009134859361143192 163.96880377264083
275 0.009134859361143192 163.96880377264083
276 0.10068048205353451 168.454539284568
277 0.009134859361143192 163.96880377264083
278 0.009134859361143192 163.96880377264083
279 0.009134859361143192 163.96880377264083
280 0.006205602450723764 163.82527018403027
281 0.006205602450723764 163.82527018403027
282 0.006205602450723764 163.82527018403027
283 0.006205602450723764 163.82527018403027
284 0.006205602450723764 163.82527018403027
285 0.006205602450723764 163.82527018403027
286 0.006205602450723764 163.82527018403027
287 0.006205602450723764 163.82527018403027
288 0.006205602450723764 163.82527018403027
289 0.006205602450723764 163.82527018403027
290 0.006205602450723764 163.82527018403027
291 0.006205602450723764 163.82527018403027
292 0.006205602450723764 163.82527018403027
293 0.006205602450723764 163.82527018403027
294 0.009134859361143192 163.96880377264083
295 0.009134859361143192 163.96880377264083
296 0.009134859361143192 163.96880377264083
297 0.009134859361143192 163.96880377264083
298 0.009134859361143192 163.96880377264083
299 0.009134859361143192 163.96880377264083
300 0.009134859361143192 163.96880377264083
301 0.009134859361143192 163.96880377264083
302 0.009134859361143192 163.96880377264083
303 0.009134859361143192 163.96880377264083
304 0.009134859361143192 163.96880377264083
305 0.009134859361143192 163.96880377264083
306 0.009134859361143192 163.96880377264083
307 0.009134859361143192 163.96880377264083
308 0.006205602450723764 163.82527018403027
309 0.006205602450723764 163.82527018403027
310 0.006205602450723764 163.82527018403027
311 0.006205602450723764 163.82527018403027
312 0.009134859361143192 163.96880377264083
313 0.006205602450723764 163.82527018403027
314 0.006205602450723764 163.82527018403027
315 0.009134859361143192 163.96880377264083
316 0.009134859361143192 163.96880377264083
317 0.009134859361143192 163.96880377264083
318 0.006205602450723764 163.82527018403027
319 0.009134859361143192 163.96880377264083
320 0.009134859361143192 163.96880377264083
321 0.009134859361143192 163.96880377264083
322 0.009134859361143192 163.96880377264083
323 0.009134859361143192 163.96880377264083
324 0.009134859361143192 163.96880377264083
325 0.009134859361143192 163.96880377264083
326 0.006205602450723764 163.82527018403027
327 0.009134859361143192 163.96880377264083
328 0.009134859361143192 163.96880377264083
329 0.006205602450723764 163.82527018403027
330 0.006205602450723764 163.82527018403027
331 0.006205602450723764 163.82527018403027
332 0.009134859361143192 163.96880377264083
333 0.006205602450723764 163.82527018403027
334 0.006205602450723764 163.82527018403027
335 0.006205602450723764 163.82527018403027
336 0.009134859361143192 163.96880377264083
337 0.009134859361143192 163.96880377264083
338 0.009134859361143192 163.96880377264083
339 0.009134859361143192 163.96880377264083
340 0.009134859361143192 163.96880377264083
341 0.009134859361143192 163.96880377264083
342 0.009134859361143192 163.96880377264083
343 0.009134859361143192 163.96880377264083
344 0.009134859361143192 163.96880377264083
345 0.009134859361143192 163.96880377264083
346 0.009134859361143192 163.96880377264083
347 0.009134859361143192 163.96880377264083
348 0.009134859361143192 163.96880377264083
349 0.009134859361143192 163.96880377264083
350 0.10068048205353451 168.454539284568
351 0.10068048205353451 168.454539284568
352 0.10068048205353451 168.454539284568
353 0.10068048205353451 168.454539284568
354 0.10068048205353451 168.454539284568
355 0.10068048205353451 168.454539284568
356 0.10068048205353451 168.454539284568
357 0.10068048205353451 168.454539284568
358 0.10068048205353451 168.454539284568
359 0.10068048205353451 168.454539284568
360 0.10068048205353451 168.454539284568
361 0.10068048205353451 168.454539284568
362 0.10068048205353451 168.454539284568
363 0.10068048205353451 168.454539284568
364 0.009134859361143192 163.96880377264083
365 0.009134859361143192 163.96880377264083
366 0.009134859361143192 163.96880377264083
367 0.009134859361143192 163.96880377264083
368 0.006205602450723764 163.82527018403027
369 0.009134859361143192 163.96880377264083
370 0.009134859361143192 163.96880377264083
371 0.006205602450723764 163.82527018403027
372 0.006205602450723764 163.82527018403027
373 0.006205602450723764 163.82527018403027
374 0.009134859361143192 163.96880377264083
375 0.006205602450723764 163.82527018403027
376 0.006205602450723764 163.82527018403027
377 0.006205602450723764 163.82527018403027
378 0.006205602450723764 163.82527018403027
379 0.006205602450723764 163.82527018403027
380 0.006205602450723764 163.82527018403027
381 0.006205602450723764 163.82527018403027
382 0.009134859361143192 163.96880377264083
383 0.006205602450723764 163.82527018403027
384 0.006205602450723764 163.82527018403027
385 0.009134859361143192 163.96880377264083
386 0.009134859361143192 163.96880377264083
387 0.009134859361143192 163.96880377264083
388 0.006205602450723764 163.82527018403027
389 0.009134859361143192 163.96880377264083
390 0.009134859361143192 163.96880377264083
391 0.009134859361143192 163.96880377264083
392 0.006205602450723764 163.82527018403027
393 0.006205602450723764 163.82527018403027
394 0.006205602450723764 163.82527018403027
395 0.006205602450723764 163.82527018403027
396 0.057809418855729364 166.35385718787555
397 0.006205602450723764 163.82527018403027
398 0.006205602450723764 163.82527018403027
399 0.057809418855729364 166.35385718787555
400 0.057809418855729364 166.35385718787555
401 0.057809418855729364 166.35385718787555
402 0.006205602450723764 163.82527018403027
403 0.057809418855729364 166.35385718787555
404 0.057809418855729364 166.35385718787555
405 0.057809418855729364 166.35385718787555
406 0.009134859361143192 163.96880377264083
407 0.009134859361143192 163.96880377264083
408 0.009134859361143192 163.96880377264083
409 0.009134859361143192 163.96880377264083
410 0.009134859361143192 163.96880377264083
411 0.009134859361143192 163.96880377264083
412 0.009134859361143192 163.96880377264083
413 0.009134859361143192 163.96880377264083
414 0.009134859361143192 163.96880377264083
415 0.009134859361143192 163.96880377264083
416 0.009134859361143192 163.96880377264083
417 0.009134859361143192 163.96880377264083
418 0.009134859361143192 163.96880377264083
419 0.009134859361143192 163.96880377264083
420 0.10068048205353451 168.454539284568
421 0.10068048205353451 168.454539284568
422 0.10068048205353451 168.454539284568
423 0.10068048205353451 168.454539284568
424 0.009134859361143192 163.96880377264083
425 0.10068048205353451 168.454539284568
426 0.10068048205353451 168.454539284568
427 0.009134859361143192 163.96880377264083
428 0.009134859361143192 163.96880377264083
429 0.009134859361143192 163.96880377264083
430 0.10068048205353451 168.454539284568
431 0.009134859361143192 163.96880377264083
432 0.009134859361143192 163.96880377264083
433 0.009134859361143192 163.96880377264083
434 0.009134859361143192 163.96880377264083
435 0.009134859361143192 163.96880377264083
436 0.009134859361143192 163.96880377264083
437 0.009134859361143192 163.96880377264083
438 0.011520459195933733 164.08569816454556
439 0.009134859361143192 163.96880377264083
440 0.009134859361143192 163.96880377264083
441 0.011520459195933733 164.08569816454556
442 0.011520459195933733 164.08569816454556
443 0.011520459195933733 164.08569816454556
444 0.009134859361143192 163.96880377264083
445 0.011520459195933733 164.08569816454556
446 0.011520459195933733 164.08569816454556
447 0.011520459195933733 164.08569816454556
448 0.009134859361143192 163.96880377264083
449 0.009134859361143192 163.96880377264083
450 0.009134859361143192 163.96880377264083
451 0.009134859361143192 163.96880377264083
452 0.009134859361143192 163.96880377264083
453 0.009134859361143192 163.96880377264083
454 0.009134859361143192 163.96880377264083
455 0.009134859361143192 163.96880377264083
456 0.009134859361143192 163.96880377264083
457 0.009134859361143192 163.96880377264083
458 0.009134859361143192 163.96880377264083
459 0.009134859361143192 163.96880377264083
460 0.009134859361143192 163.96880377264083
461 0.009134859361143192 163.96880377264083
462 0.006205602450723764 163.82527018403027
463 0.006205602450723764 163.82527018403027
464 0.006205602450723764 163.82527018403027
465 0.006205602450723764 163.82527018403027
466 0.006205602450723764 163.82527018403027
467 0.006205602450723764 163.82527018403027
468 0.006205602450723764 163.82527018403027
469 0.006205602450723764 163.82527018403027
470 0.006205602450723764 163.82527018403027
471 0.006205602450723764 163.82527018403027
472 0.006205602450723764 163.82527018403027
473 0.006205602450723764 163.82527018403027
474 0.006205602450723764 163.82527018403027
475 0.006205602450723764 163.82527018403027
476 0.009134859361143192 163.96880377264083
477 0.009134859361143192 163.96880377264083
478 0.009134859361143192 163.96880377264083
479 0.009134859361143192 163.96880377264083
480 0.006205602450723764 163.82527018403027
481 0.009134859361143192 163.96880377264083
482 0.009134859361143192 163.96880377264083
483 0.006205602450723764 163.82527018403027
484 0.006205602450723764 163.82527018403027
485 0.006205602450723764 163.82527018403027
486 0.009134859361143192 163.96880377264083
487 0.006205602450723764 163.82527018403027
488 0.006205602450723764 163.82527018403027
489 0.006205602450723764 163.82527018403027
490 0.006205602450723764 163.82527018403027
491 0.006205602450723764 163.82527018403027
492 0.006205602450723764 163.82527018403027
493 0.006205602450723764 163.82527018403027
494 0.009134859361143192 163.96880377264083
495 0.006205602450723764 163.82527018403027
496 0.006205602450723764 163.82527018403027
497 0.009134859361143192 163.96880377264083
498 0.009134859361143192 163.96880377264083
499 0.009134859361143192 163.96880377264083
500 0.006205602450723764 163.82527018403027
501 0.009134859361143192 163.96880377264083
502 0.009134859361143192 163.96880377264083
503 0.009134859361143192 163.96880377264083
504 0.10068048205353451 168.454539284568
505 0.10068048205353451 168.454539284568
506 0.10068048205353451 168.454539284568
507 0.10068048205353451 168.454539284568
508 0.006205602450723764 163.82527018403027
509 0.10068048205353451 168.454539284568
510 0.10068048205353451 168.454539284568
511 0.006205602450723764 163.82527018403027
512 0.006205602450723764 163.82527018403027
513 0.006205602450723764 163.82527018403027
514 0.10068048205353451 168.454539284568
515 0.006205602450723764 163.82527018403027
516 0.006205602450723764 163.82527018403027
517 0.006205602450723764 163.82527018403027
518 0.009134859361143192 163.96880377264083
519 0.009134859361143192 163.96880377264083
520 0.009134859361143192 163.96880377264083
521 0.009134859361143192 163.96880377264083
522 0.009134859361143192 163.96880377264083
523 0.009134859361143192 163.96880377264083
524 0.009134859361143192 163.96880377264083
525 0.009134859361143192 163.96880377264083
526 0.009134859361143192 163.96880377264083
527 0.009134859361143192 163.96880377264083
528 0.009134859361143192 163.96880377264083
529 0.009134859361143192 163.96880377264083
530 0.009134859361143192 163.96880377264083
531 0.009134859361143192 163.96880377264083
532 0.009134859361143192 163.96880377264083
533 0.009134859361143192 163.96880377264083
534 0.009134859361143192 163.96880377264083
535 0.009134859361143192 163.96880377264083
536 0.009134859361143192 163.96880377264083
537 0.009134859361143192 163.96880377264083
538 0.009134859361143192 163.96880377264083
539 0.009134859361143192 163.96880377264083
540 0.009134859361143192 163.96880377264083
541 0.009134859361143192 163.96880377264083
542 0.009134859361143192 163.96880377264083
543 0.009134859361143192 163.96880377264083
544 0.009134859361143192 163.96880377264083
545 0.009134859361143192 163.96880377264083
546 0.009134859361143192 163.96880377264083
547 0.009134859361143192 163.96880377264083
548 0.009134859361143192 163.96880377264083
549 0.009134859361143192 163.96880377264083
550 0.10068048205353451 168.454539284568
551 0.009134859361143192 163.96880377264083
552 0.009134859361143192 163.96880377264083
553 0.10068048205353451 168.454539284568
554 0.10068048205353451 168.454539284568
555 0.10068048205353451 168.454539284568
556 0.009134859361143192 163.96880377264083
557 0.10068048205353451 168.454539284568
558 0.10068048205353451 168.454539284568
559 0.10068048205353451 168.454539284568
560 0.009134859361143192 163.96880377264083
561 0.009134859361143192 163.96880377264083
562 0.009134859361143192 163.96880377264083
563 0.009134859361143192 163.96880377264083
564 0.009134859361143192 163.96880377264083
565 0.009134859361143192 163.96880377264083
566 0.009134859361143192 163.96880377264083
567 0.009134859361143192 163.96880377264083
568 0.009134859361143192 163.96880377264083
569 0.009134859361143192 163.96880377264083
570 0.009134859361143192 163.96880377264083
571 0.009134859361143192 163.96880377264083
572 0.009134859361143192 163.96880377264083
573 0.009134859361143192 163.96880377264083
574 0.10068048205353451 168.454539284568
575 0.10068048205353451 168.454539284568
576 0.10068048205353451 168.454539284568
577 0.10068048205353451 168.454539284568
578 0.057809418855729364 166.35385718787555
579 0.10068048205353451 168.454539284568
580 0.10068048205353451 168.454539284568
581 0.057809418855729364 166.35385718787555
582 0.057809418855729364 166.35385718787555
583 0.057809418855729364 166.35385718787555
584 0.10068048205353451 168.454539284568
585 0.057809418855729364 166.35385718787555
586 0.057809418855729364 166.35385718787555
587 0.057809418855729364 166.35385718787555
588 0.009134859361143192 163.96880377264083
589 0.009134859361143192 163.96880377264083
590 0.009134859361143192 163.96880377264083
591 0.009134859361143192 163.96880377264083
592 0.009134859361143192 163.96880377264083
593 0.009134859361143192 163.96880377264083
594 0.009134859361143192 163.96880377264083
595 0.009134859361143192 163.96880377264083
596 0.009134859361143192 163.96880377264083
597 0.009134859361143192 163.96880377264083
598 0.009134859361143192 163.96880377264083
599 0.009134859361143192 163.96880377264083
600 0.009134859361143192 163.96880377264083
601 0.009134859361143192 163.96880377264083
602 0.006205602450723764 163.82527018403027
603 0.006205602450723764 163.82527018403027
604 0.006205602450723764 163.82527018403027
605 0.006205602450723764 163.82527018403027
606 0.009134859361143192 163.96880377264083
607 0.006205602450723764 163.82527018403027
608 0.006205602450723764 163.82527018403027
609 0.009134859361143192 163.96880377264083
610 0.009134859361143192 163.96880377264083
611 0.009134859361143192 163.96880377264083
612 0.006205602450723764 163.82527018403027
613 0.009134859361143192 163.96880377264083
614 0.009134859361143192 163.96880377264083
615 0.009134859361143192 163.96880377264083
616 0.006205602450723764 163.82527018403027
617 0.006205602450723764 163.82527018403027
618 0.006205602450723764 163.82527018403027
619 0.006205602450723764 163.82527018403027
620 0.10068048205353451 168.454539284568
621 0.006205602450723764 163.82527018403027
622 0.006205602450723764 163.82527018403027
623 0.10068048205353451 168.454539284568
624 0.10068048205353451 168.454539284568
625 0.10068048205353451 168.454539284568
626 0.006205602450723764 163.82527018403027
627 0.10068048205353451 168.454539284568
628 0.10068048205353451 168.454539284568
629 0.10068048205353451 168.454539284568
630 0.009134859361143192 163.96880377264083
631 0.009134859361143192 163.96880377264083
632 0.009134859361143192 163.96880377264083
633 0.009134859361143192 163.96880377264083
634 0.009134859361143192 163.96880377264083
635 0.009134859361143192 163.96880377264083
636 0.009134859361143192 163.96880377264083
637 0.009134859361143192 163.96880377264083
638 0.009134859361143192 163.96880377264083
639 0.009134859361143192 163.96880377264083
640 0.009134859361143192 163.96880377264083
641 0.009134859361143192 163.96880377264083
642 0.009134859361143192 163.96880377264083
643 0.009134859361143192 163.96880377264083
644 0.057809418855729364 166.35385718787555
645 0.057809418855729364 166.35385718787555
646 0.057809418855729364 166.35385718787555
647 0.057809418855729364 166.35385718787555
648 0.009134859361143192 163.96880377264083
649 0.057809418855729364 166.35385718787555
650 0.057809418855729364 166.35385718787555
651 0.009134859361143192 163.96880377264083
652 0.009134859361143192 163.96880377264083
653 0.009134859361143192 163.96880377264083
654 0.057809418855729364 166.35385718787555
655 0.009134859361143192 163.96880377264083
656 0.009134859361143192 163.96880377264083
657 0.009134859361143192 163.96880377264083
658 0.009134859361143192 163.96880377264083
659 0.009134859361143192 163.96880377264083
660 0.009134859361143192 163.96880377264083
661 0.009134859361143192 163.96880377264083
662 0.006205602450723764 163.82527018403027
663 0.009134859361143192 163.96880377264083
664 0.009134859361143192 163.96880377264083
665 0.006205602450723764 163.82527018403027
666 0.006205602450723764 163.82527018403027
667 0.006205602450723764 163.82527018403027
668 0.009134859361143192 163.96880377264083
669 0.006205602450723764 163.82527018403027
670 0.006205602450723764 163.82527018403027
671 0.006205602450723764 163.82527018403027
672 0.011520459195933733 164.08569816454556
673 0.011520459195933733 164.08569816454556
674 0.011520459195933733 164.08569816454556
675 0.011520459195933733 164.08569816454556
676 0.009134859361143192 163.96880377264083
677 0.011520459195933733 164.08569816454556
678 0.011520459195933733 164.08569816454556
679 0.009134859361143192 163.96880377264083
680 0.009134859361143192 163.96880377264083
681 0.009134859361143192 163.96880377264083
682 0.011520459195933733 164.08569816454556
683 0.009134859361143192 163.96880377264083
684 0.009134859361143192 163.96880377264083
685 0.009134859361143192 163.96880377264083
686 0.009134859361143192 163.96880377264083
687 0.009134859361143192 163.96880377264083
688 0.009134859361143192 163.96880377264083
689 0.009134859361143192 163.96880377264083
690 0.006205602450723764 163.82527018403027
691 0.009134859361143192 163.96880377264083
692 0.009134859361143192 163.96880377264083
693 0.006205602450723764 163.82527018403027
694 0.006205602450723764 163.82527018403027
695 0.006205602450723764 163.82527018403027
696 0.009134859361143192 163.96880377264083
697 0.006205602450723764 163.82527018403027
698 0.006205602450723764 163.82527018403027
699 0.006205602450723764 163.82527018403027
700 0.10068048205353451 168.454539284568
701 0.10068048205353451 168.454539284568
702 0.10068048205353451 168.454539284568
703 0.10068048205353451 168.454539284568
704 0.10068048205353451 168.454539284568
705 0.10068048205353451 168.454539284568
706 0.10068048205353451 168.454539284568
707 0.10068048205353451 168.454539284568
708 0.10068048205353451 168.454539284568
709 0.10068048205353451 168.454539284568
710 0.10068048205353451 168.454539284568
711 0.10068048205353451 168.454539284568
712 0.10068048205353451 168.454539284568
713 0.10068048205353451 168.454539284568
714 0.009134859361143192 163.96880377264083
715 0.009134859361143192 163.96880377264083
716 0.009134859361143192 163.96880377264083
717 0.009134859361143192 163.96880377264083
718 0.009134859361143192 163.96880377264083
719 0.009134859361143192 163.96880377264083
720 0.009134859361143192 163.96880377264083
721 0.009134859361143192 163.96880377264083
722 0.009134859361143192 163.96880377264083
723 0.009134859361143192 163.96880377264083
724 0.009134859361143192 163.96880377264083
725 0.009134859361143192 163.96880377264083
726 0.009134859361143192 163.96880377264083
727 0.009134859361143192 163.96880377264083
728 0.009134859361143192 163.96880377264083
729 0.009134859361143192 163.96880377264083
730 0.009134859361143192 163.96880377264083
731 0.009134859361143192 163.96880377264083
732 0.006205602450723764 163.82527018403027
733 0.009134859361143192 163.96880377264083
734 0.009134859361143192 163.96880377264083
735 0.006205602450723764 163.82527018403027
736 0.006205602450723764 163.82527018403027
737 0.006205602450723764 163.82527018403027
738 0.009134859361143192 163.96880377264083
739 0.006205602450723764 163.82527018403027
740 0.006205602450723764 163.82527018403027
741 0.006205602450723764 163.82527018403027
742 0.057809418855729364 166.35385718787555
743 0.057809418855729364 166.35385718787555
744 0.057809418855729364 166.35385718787555
745 0.057809418855729364 166.35385718787555
746 0.009134859361143192 163.96880377264083
747 0.057809418855729364 166.35385718787555
748 0.057809418855729364 166.35385718787555
749 0.009134859361143192 163.96880377264083
750 0.009134859361143192 163.96880377264083
751 0.009134859361143192 163.96880377264083
752 0.057809418855729364 166.35385718787555
753 0.009134859361143192 163.96880377264083
754 0.009134859361143192 163.96880377264083
755 0.009134859361143192 163.96880377264083
756 0.009134859361143192 163.96880377264083
757 0.009134859361143192 163.96880377264083
758 0.009134859361143192 163.96880377264083
759 0.009134859361143192 163.96880377264083
760 0.009134859361143192 163.96880377264083
761 0.009134859361143192 163.96880377264083
762 0.009134859361143192 163.96880377264083
763 0.009134859361143192 163.96880377264083
764 0.009134859361143192 163.96880377264083
765 0.009134859361143192 163.96880377264083
766 0.009134859361143192 163.96880377264083
767 0.009134859361143192 163.96880377264083
768 0.009134859361143192 163.96880377264083
769 0.009134859361143192 163.96880377264083
770 0.006205602450723764 163.82527018403027
771 0.006205602450723764 163.82527018403027
772 0.006205602450723764 163.82527018403027
773 0.006205602450723764 163.82527018403027
774 0.057809418855729364 166.35385718787555
775 0.006205602450723764 163.82527018403027
776 0.006205602450723764 163.82527018403027
777 0.057809418855729364 166.35385718787555
778 0.057809418855729364 166.35385718787555
779 0.057809418855729364 166.35385718787555
780 0.006205602450723764 163.82527018403027
781 0.057809418855729364 166.35385718787555
782 0.057809418855729364 166.35385718787555
783 0.057809418855729364 166.35385718787555
784 0.057809418855729364 166.35385718787555
785 0.057809418855729364 166.35385718787555
786 0.057809418855729364 166.35385718787555
787 0.057809418855729364 166.35385718787555
788 0.009134859361143192 163.96880377264083
789 0.057809418855729364 166.35385718787555
790 0.057809418855729364 166.35385718787555
791 0.009134859361143192 163.96880377264083
792 0.009134859361143192 163.96880377264083
793 0.009134859361143192 163.96880377264083
794 0.057809418855729364 166.35385718787555
795 0.009134859361143192 163.96880377264083
796 0.009134859361143192 163.96880377264083
797 0.009134859361143192 163.96880377264083
798 0.009134859361143192 163.96880377264083
799 0.009134859361143192 163.96880377264083
800 0.009134859361143192 163.96880377264083
801 0.009134859361143192 163.96880377264083
802 0.10068048205353451 168.454539284568
803 0.009134859361143192 163.96880377264083
804 0.009134859361143192 163.96880377264083
805 0.10068048205353451 168.454539284568
806 0.10068048205353451 168.454539284568
807 0.10068048205353451 168.454539284568
808 0.009134859361143192 163.96880377264083
809 0.10068048205353451 168.454539284568
810 0.10068048205353451 168.454539284568
811 0.10068048205353451 168.454539284568
812 0.006205602450723764 163.82527018403027
813 0.006205602450723764 163.82527018403027
814 0.006205602450723764 163.82527018403027
815 0.006205602450723764 163.82527018403027
816 0.006205602450723764 163.82527018403027
817 0.006205602450723764 163.82527018403027
818 0.006205602450723764 163.82527018403027
819 0.006205602450723764 163.82527018403027
820 0.006205602450723764 163.82527018403027
821 0.006205602450723764 163.82527018403027
822 0.006205602450723764 163.82527018403027
823 0.006205602450723764 163.82527018403027
824 0.006205602450723764 163.82527018403027
825 0.006205602450723764 163.82527018403027
826 0.009134859361143192 163.96880377264083
827 0.009134859361143192 163.96880377264083
828 0.009134859361143192 163.96880377264083
829 0.009134859361143192 163.96880377264083
830 0.009134859361143192 163.96880377264083
831 0.009134859361143192 163.96880377264083
832 0.009134859361143192 163.96880377264083
833 0.009134859361143192 163.96880377264083
834 0.009134859361143192 163.96880377264083
835 0.009134859361143192 163.96880377264083
836 0.009134859361143192 163.96880377264083
837 0.009134859361143192 163.96880377264083
838 0.009134859361143192 163.96880377264083
839 0.009134859361143192 163.96880377264083
840 0.009134859361143192 163.96880377264083
841 0.009134859361143192 163.96880377264083
842 0.009134859361143192 163.96880377264083
843 0.009134859361143192 163.96880377264083
844 0.057809418855729364 166.35385718787555
845 0.009134859361143192 163.96880377264083
846 0.009134859361143192 163.96880377264083
847 0.057809418855729364 166.35385718787555
848 0.057809418855729364 166.35385718787555
849 0.057809418855729364 166.35385718787555
850 0.009134859361143192 163.96880377264083
851 0.057809418855729364 166.35385718787555
852 0.057809418855729364 166.35385718787555
853 0.057809418855729364 166.35385718787555
854 0.011520459195933733 164.08569816454556
855 0.011520459195933733 164.08569816454556
856 0.011520459195933733 164.08569816454556
857 0.011520459195933733 164.08569816454556
858 0.009134859361143192 163.96880377264083
859 0.011520459195933733 164.08569816454556
860 0.011520459195933733 164.08569816454556
861 0.009134859361143192 163.96880377264083
862 0.009134859361143192 163.96880377264083
863 0.009134859361143192 163.96880377264083
864 0.011520459195933733 164.08569816454556
865 0.009134859361143192 163.96880377264083
866 0.009134859361143192 163.96880377264083
867 0.009134859361143192 163.96880377264083
868 0.009134859361143192 163.96880377264083
869 0.009134859361143192 163.96880377264083
870 0.009134859361143192 163.96880377264083
871 0.009134859361143192 163.96880377264083
872 0.009134859361143192 163.96880377264083
873 0.009134859361143192 163.96880377264083
874 0.009134859361143192 163.96880377264083
875 0.009134859361143192 163.96880377264083
876 0.009134859361143192 163.96880377264083
877 0.009134859361143192 163.96880377264083
878 0.009134859361143192 163.96880377264083
879 0.009134859361143192 163.96880377264083
880 0.009134859361143192 163.96880377264083
881 0.009134859361143192 163.96880377264083
882 0.10068048205353451 168.454539284568
883 0.10068048205353451 168.454539284568
884 0.10068048205353451 168.454539284568
885 0.10068048205353451 168.454539284568
886 0.009134859361143192 163.96880377264083
887 0.10068048205353451 168.454539284568
888 0.10068048205353451 168.454539284568
889 0.009134859361143192 163.96880377264083
890 0.009134859361143192 163.96880377264083
891 0.009134859361143192 163.96880377264083
892 0.10068048205353451 168.454539284568
893 0.009134859361143192 163.96880377264083
894 0.009134859361143192 163.96880377264083
895 0.009134859361143192 163.96880377264083
