growth_rate	epi_size	cell_definitions/cell_definition/phenotype/secretion/substrate/secretion_rate_epi_inter___div_inhib	microenvironment_setup/variable/physical_parameter_set/diffusion_coefficient___div_inhib	microenvironment_setup/variable/physical_parameter_set/decay_rate___div_inhib	cell_definitions/cell_definition/phenotype/death/model/death_rate_epi_inter___	[_'_c_e_l_l___r_u_l_e_'_,_ _'_1_'_,_ _'_5_'_]	[_'_c_e_l_l___r_u_l_e_'_,_ _'_2_'_,_ _'_5_'_]
5.277332e-02	1.661071e+02	8.507349e+02	1.431366e+03	3.630362e+01	3.651856e-04	5.683824e-01	2.247203e+00
5.277332e-02	1.661071e+02	4.231121e+02	1.431366e+03	3.630362e+01	3.651856e-04	5.683824e-01	2.247203e+00
5.277332e-02	1.661071e+02	8.507349e+02	8.892125e+02	3.630362e+01	3.651856e-04	5.683824e-01	2.247203e+00
5.277332e-02	1.661071e+02	8.507349e+02	1.431366e+03	1.871822e+01	3.651856e-04	5.683824e-01	2.247203e+00
-5.336221e-02	1.609064e+02	8.507349e+02	1.431366e+03	3.630362e+01	8.657145e-04	5.683824e-01	2.247203e+00
5.277332e-02	1.661071e+02	8.507349e+02	1.431366e+03	3.630362e+01	3.651856e-04	3.501856e+00	2.247203e+00
-1.537822e-01	1.559859e+02	8.507349e+02	1.431366e+03	3.630362e+01	3.651856e-04	5.683824e-01	3.978682e+00
-5.868298e-01	1.347633e+02	8.507349e+02	8.892125e+02	1.871822e+01	8.657145e-04	3.501856e+00	3.978682e+00
-5.868298e-01	1.347633e+02	4.231121e+02	1.431366e+03	1.871822e+01	8.657145e-04	3.501856e+00	3.978682e+00
-5.868298e-01	1.347633e+02	4.231121e+02	8.892125e+02	3.630362e+01	8.657145e-04	3.501856e+00	3.978682e+00
-1.537822e-01	1.559859e+02	4.231121e+02	8.892125e+02	1.871822e+01	3.651856e-04	3.501856e+00	3.978682e+00
-5.868298e-01	1.347633e+02	4.231121e+02	8.892125e+02	1.871822e+01	8.657145e-04	5.683824e-01	3.978682e+00
-5.336221e-02	1.609064e+02	4.231121e+02	8.892125e+02	1.871822e+01	8.657145e-04	3.501856e+00	2.247203e+00
-5.868298e-01	1.347633e+02	4.231121e+02	8.892125e+02	1.871822e+01	8.657145e-04	3.501856e+00	3.978682e+00
1.006805e-01	1.684545e+02	2.559435e+02	6.559003e+02	8.345685e+01	5.716233e-04	2.165463e+00	1.947623e-01
1.006805e-01	1.684545e+02	5.693124e+02	6.559003e+02	8.345685e+01	5.716233e-04	2.165463e+00	1.947623e-01
1.006805e-01	1.684545e+02	2.559435e+02	1.132408e+03	8.345685e+01	5.716233e-04	2.165463e+00	1.947623e-01
1.006805e-01	1.684545e+02	2.559435e+02	6.559003e+02	7.314991e+01	5.716233e-04	2.165463e+00	1.947623e-01
1.006805e-01	1.684545e+02	2.559435e+02	6.559003e+02	8.345685e+01	4.268240e-04	2.165463e+00	1.947623e-01
1.006805e-01	1.684545e+02	2.559435e+02	6.559003e+02	8.345685e+01	5.716233e-04	1.940729e+00	1.947623e-01
1.006805e-01	1.684545e+02	2.559435e+02	6.559003e+02	8.345685e+01	5.716233e-04	2.165463e+00	6.070866e-01
1.006805e-01	1.684545e+02	2.559435e+02	1.132408e+03	7.314991e+01	4.268240e-04	1.940729e+00	6.070866e-01
1.006805e-01	1.684545e+02	5.693124e+02	6.559003e+02	7.314991e+01	4.268240e-04	1.940729e+00	6.070866e-01
1.006805e-01	1.684545e+02	5.693124e+02	1.132408e+03	8.345685e+01	4.268240e-04	1.940729e+00	6.070866e-01
1.006805e-01	1.684545e+02	5.693124e+02	1.132408e+03	7.314991e+01	5.716233e-04	1.940729e+00	6.070866e-01
1.006805e-01	1.684545e+02	5.693124e+02	1.132408e+03	7.314991e+01	4.268240e-04	2.165463e+00	6.070866e-01
1.006805e-01	1.684545e+02	5.693124e+02	1.132408e+03	7.314991e+01	4.268240e-04	1.940729e+00	1.947623e-01
1.006805e-01	1.684545e+02	5.693124e+02	1.132408e+03	7.314991e+01	4.268240e-04	1.940729e+00	6.070866e-01
5.664106e-02	1.662966e+02	7.507259e+01	1.055404e+03	1.760328e+01	2.090349e-04	3.392393e+00	1.660171e+00
5.664106e-02	1.662966e+02	1.613376e+02	1.055404e+03	1.760328e+01	2.090349e-04	3.392393e+00	1.660171e+00
5.664106e-02	1.662966e+02	7.507259e+01	1.495096e+03	1.760328e+01	2.090349e-04	3.392393e+00	1.660171e+00
5.664106e-02	1.662966e+02	7.507259e+01	1.055404e+03	8.539382e+01	2.090349e-04	3.392393e+00	1.660171e+00
5.664106e-02	1.662966e+02	7.507259e+01	1.055404e+03	1.760328e+01	2.070339e-04	3.392393e+00	1.660171e+00
5.664106e-02	1.662966e+02	7.507259e+01	1.055404e+03	1.760328e+01	2.090349e-04	8.546484e-01	1.660171e+00
5.658922e-02	1.662941e+02	7.507259e+01	1.055404e+03	1.760328e+01	2.090349e-04	3.392393e+00	1.742364e+00
5.658922e-02	1.662941e+02	7.507259e+01	1.495096e+03	8.539382e+01	2.070339e-04	8.546484e-01	1.742364e+00
5.658922e-02	1.662941e+02	1.613376e+02	1.055404e+03	8.539382e+01	2.070339e-04	8.546484e-01	1.742364e+00
5.658922e-02	1.662941e+02	1.613376e+02	1.495096e+03	1.760328e+01	2.070339e-04	8.546484e-01	1.742364e+00
5.658922e-02	1.662941e+02	1.613376e+02	1.495096e+03	8.539382e+01	2.090349e-04	8.546484e-01	1.742364e+00
5.658922e-02	1.662941e+02	1.613376e+02	1.495096e+03	8.539382e+01	2.070339e-04	3.392393e+00	1.742364e+00
5.664106e-02	1.662966e+02	1.613376e+02	1.495096e+03	8.539382e+01	2.070339e-04	8.546484e-01	1.660171e+00
5.658922e-02	1.662941e+02	1.613376e+02	1.495096e+03	8.539382e+01	2.070339e-04	8.546484e-01	1.742364e+00
-4.406015e-01	1.419285e+02	5.397680e+02	7.799363e+02	6.468849e+01	9.771581e-04	1.765179e+00	3.714621e+00
-4.406015e-01	1.419285e+02	8.307272e+02	7.799363e+02	6.468849e+01	9.771581e-04	1.765179e+00	3.714621e+00
-4.406015e-01	1.419285e+02	5.397680e+02	7.381662e+02	6.468849e+01	9.771581e-04	1.765179e+00	3.714621e+00
-4.406015e-01	1.419285e+02	5.397680e+02	7.799363e+02	3.069391e+01	9.771581e-04	1.765179e+00	3.714621e+00
-2.152483e-01	1.529740e+02	5.397680e+02	7.799363e+02	6.468849e+01	5.171496e-04	1.765179e+00	3.714621e+00
-4.406015e-01	1.419285e+02	5.397680e+02	7.799363e+02	6.468849e+01	9.771581e-04	2.719565e+00	3.714621e+00
-2.269884e-01	1.523968e+02	5.397680e+02	7.799363e+02	6.468849e+01	9.771581e-04	1.765179e+00	2.874450e+00
-1.114638e-01	1.580595e+02	5.397680e+02	7.381662e+02	3.069391e+01	5.171496e-04	2.719565e+00	2.874450e+00
-1.114638e-01	1.580595e+02	8.307272e+02	7.799363e+02	3.069391e+01	5.171496e-04	2.719565e+00	2.874450e+00
-1.114638e-01	1.580595e+02	8.307272e+02	7.381662e+02	6.468849e+01	5.171496e-04	2.719565e+00	2.874450e+00
-2.269884e-01	1.523968e+02	8.307272e+02	7.381662e+02	3.069391e+01	9.771581e-04	2.719565e+00	2.874450e+00
-1.114638e-01	1.580595e+02	8.307272e+02	7.381662e+02	3.069391e+01	5.171496e-04	1.765179e+00	2.874450e+00
-2.152483e-01	1.529740e+02	8.307272e+02	7.381662e+02	3.069391e+01	5.171496e-04	2.719565e+00	3.714621e+00
-1.114638e-01	1.580595e+02	8.307272e+02	7.381662e+02	3.069391e+01	5.171496e-04	2.719565e+00	2.874450e+00
-3.010222e-01	1.487711e+02	7.327497e+02	1.125405e+03	9.138308e+01	8.134242e-04	1.294701e+00	2.839970e+00
-3.010222e-01	1.487711e+02	1.090974e+02	1.125405e+03	9.138308e+01	8.134242e-04	1.294701e+00	2.839970e+00
-3.010222e-01	1.487711e+02	7.327497e+02	1.373289e+03	9.138308e+01	8.134242e-04	1.294701e+00	2.839970e+00
-3.010222e-01	1.487711e+02	7.327497e+02	1.125405e+03	8.853308e+01	8.134242e-04	1.294701e+00	2.839970e+00
-6.832833e-03	1.631864e+02	7.327497e+02	1.125405e+03	9.138308e+01	3.139132e-04	1.294701e+00	2.839970e+00
-3.010222e-01	1.487711e+02	7.327497e+02	1.125405e+03	9.138308e+01	8.134242e-04	1.049607e-01	2.839970e+00
-1.931728e-01	1.540557e+02	7.327497e+02	1.125405e+03	9.138308e+01	8.134242e-04	1.294701e+00	2.222142e+00
-1.243295e-02	1.629120e+02	7.327497e+02	1.373289e+03	8.853308e+01	3.139132e-04	1.049607e-01	2.222142e+00
-1.243295e-02	1.629120e+02	1.090974e+02	1.125405e+03	8.853308e+01	3.139132e-04	1.049607e-01	2.222142e+00
-1.243295e-02	1.629120e+02	1.090974e+02	1.373289e+03	9.138308e+01	3.139132e-04	1.049607e-01	2.222142e+00
-1.931728e-01	1.540557e+02	1.090974e+02	1.373289e+03	8.853308e+01	8.134242e-04	1.049607e-01	2.222142e+00
-1.243295e-02	1.629120e+02	1.090974e+02	1.373289e+03	8.853308e+01	3.139132e-04	1.294701e+00	2.222142e+00
-6.832833e-03	1.631864e+02	1.090974e+02	1.373289e+03	8.853308e+01	3.139132e-04	1.049607e-01	2.839970e+00
-1.243295e-02	1.629120e+02	1.090974e+02	1.373289e+03	8.853308e+01	3.139132e-04	1.049607e-01	2.222142e+00
1.006805e-01	1.684545e+02	1.391788e+02	9.125607e+02	3.776026e+01	1.233551e-04	3.937026e+00	7.855767e-01
1.006805e-01	1.684545e+02	8.994283e+02	9.125607e+02	3.776026e+01	1.233551e-04	3.937026e+00	7.855767e-01
1.006805e-01	1.684545e+02	1.391788e+02	6.163513e+02	3.776026e+01	1.233551e-04	3.937026e+00	7.855767e-01
1.006805e-01	1.684545e+02	1.391788e+02	9.125607e+02	4.623580e+01	1.233551e-04	3.937026e+00	7.855767e-01
9.134859e-03	1.639688e+02	1.391788e+02	9.125607e+02	3.776026e+01	8.776783e-04	3.937026e+00	7.855767e-01
1.006805e-01	1.684545e+02	1.391788e+02	9.125607e+02	3.776026e+01	1.233551e-04	2.472461e+00	7.855767e-01
1.006805e-01	1.684545e+02	1.391788e+02	9.125607e+02	3.776026e+01	1.233551e-04	3.937026e+00	1.334829e+00
9.134859e-03	1.639688e+02	1.391788e+02	6.163513e+02	4.623580e+01	8.776783e-04	2.472461e+00	1.334829e+00
9.134859e-03	1.639688e+02	8.994283e+02	9.125607e+02	4.623580e+01	8.776783e-04	2.472461e+00	1.334829e+00
9.134859e-03	1.639688e+02	8.994283e+02	6.163513e+02	3.776026e+01	8.776783e-04	2.472461e+00	1.334829e+00
1.006805e-01	1.684545e+02	8.994283e+02	6.163513e+02	4.623580e+01	1.233551e-04	2.472461e+00	1.334829e+00
9.134859e-03	1.639688e+02	8.994283e+02	6.163513e+02	4.623580e+01	8.776783e-04	3.937026e+00	1.334829e+00
9.134859e-03	1.639688e+02	8.994283e+02	6.163513e+02	4.623580e+01	8.776783e-04	2.472461e+00	7.855767e-01
9.134859e-03	1.639688e+02	8.994283e+02	6.163513e+02	4.623580e+01	8.776783e-04	2.472461e+00	1.334829e+00
9.134859e-03	1.639688e+02	4.411005e+02	1.251380e+03	6.008396e+01	7.197030e-04	2.639776e+00	1.318759e+00
9.134859e-03	1.639688e+02	3.699849e+02	1.251380e+03	6.008396e+01	7.197030e-04	2.639776e+00	1.318759e+00
9.134859e-03	1.639688e+02	4.411005e+02	7.600428e+02	6.008396e+01	7.197030e-04	2.639776e+00	1.318759e+00
9.134859e-03	1.639688e+02	4.411005e+02	1.251380e+03	9.382424e+00	7.197030e-04	2.639776e+00	1.318759e+00
9.134859e-03	1.639688e+02	4.411005e+02	1.251380e+03	6.008396e+01	7.247186e-04	2.639776e+00	1.318759e+00
9.134859e-03	1.639688e+02	4.411005e+02	1.251380e+03	6.008396e+01	7.197030e-04	3.254747e+00	1.318759e+00
9.134859e-03	1.639688e+02	4.411005e+02	1.251380e+03	6.008396e+01	7.197030e-04	2.639776e+00	4.528284e-01
9.134859e-03	1.639688e+02	4.411005e+02	7.600428e+02	9.382424e+00	7.247186e-04	3.254747e+00	4.528284e-01
9.134859e-03	1.639688e+02	3.699849e+02	1.251380e+03	9.382424e+00	7.247186e-04	3.254747e+00	4.528284e-01
9.134859e-03	1.639688e+02	3.699849e+02	7.600428e+02	6.008396e+01	7.247186e-04	3.254747e+00	4.528284e-01
9.134859e-03	1.639688e+02	3.699849e+02	7.600428e+02	9.382424e+00	7.197030e-04	3.254747e+00	4.528284e-01
9.134859e-03	1.639688e+02	3.699849e+02	7.600428e+02	9.382424e+00	7.247186e-04	2.639776e+00	4.528284e-01
9.134859e-03	1.639688e+02	3.699849e+02	7.600428e+02	9.382424e+00	7.247186e-04	3.254747e+00	1.318759e+00
9.134859e-03	1.639688e+02	3.699849e+02	7.600428e+02	9.382424e+00	7.247186e-04	3.254747e+00	4.528284e-01
9.134859e-03	1.639688e+02	9.070145e+02	5.385342e+02	6.578060e+00	4.664605e-04	2.770642e-02	3.371265e+00
9.134859e-03	1.639688e+02	6.371893e+02	5.385342e+02	6.578060e+00	4.664605e-04	2.770642e-02	3.371265e+00
9.134859e-03	1.639688e+02	9.070145e+02	1.003247e+03	6.578060e+00	4.664605e-04	2.770642e-02	3.371265e+00
9.134859e-03	1.639688e+02	9.070145e+02	5.385342e+02	5.121625e+01	4.664605e-04	2.770642e-02	3.371265e+00
1.006805e-01	1.684545e+02	9.070145e+02	5.385342e+02	6.578060e+00	3.997779e-05	2.770642e-02	3.371265e+00
9.134859e-03	1.639688e+02	9.070145e+02	5.385342e+02	6.578060e+00	4.664605e-04	1.191031e+00	3.371265e+00
9.134859e-03	1.639688e+02	9.070145e+02	5.385342e+02	6.578060e+00	4.664605e-04	2.770642e-02	3.073097e+00
1.006805e-01	1.684545e+02	9.070145e+02	1.003247e+03	5.121625e+01	3.997779e-05	1.191031e+00	3.073097e+00
1.006805e-01	1.684545e+02	6.371893e+02	5.385342e+02	5.121625e+01	3.997779e-05	1.191031e+00	3.073097e+00
1.006805e-01	1.684545e+02	6.371893e+02	1.003247e+03	6.578060e+00	3.997779e-05	1.191031e+00	3.073097e+00
9.134859e-03	1.639688e+02	6.371893e+02	1.003247e+03	5.121625e+01	4.664605e-04	1.191031e+00	3.073097e+00
1.006805e-01	1.684545e+02	6.371893e+02	1.003247e+03	5.121625e+01	3.997779e-05	2.770642e-02	3.073097e+00
1.006805e-01	1.684545e+02	6.371893e+02	1.003247e+03	5.121625e+01	3.997779e-05	1.191031e+00	3.371265e+00
1.006805e-01	1.684545e+02	6.371893e+02	1.003247e+03	5.121625e+01	3.997779e-05	1.191031e+00	3.073097e+00
1.006805e-01	1.684545e+02	9.644854e+02	1.100298e+03	5.422799e+01	1.468206e-05	2.416982e+00	3.984274e+00
1.006805e-01	1.684545e+02	1.426801e+01	1.100298e+03	5.422799e+01	1.468206e-05	2.416982e+00	3.984274e+00
1.006805e-01	1.684545e+02	9.644854e+02	1.257783e+03	5.422799e+01	1.468206e-05	2.416982e+00	3.984274e+00
1.006805e-01	1.684545e+02	9.644854e+02	1.100298e+03	9.804684e+01	1.468206e-05	2.416982e+00	3.984274e+00
9.134859e-03	1.639688e+02	9.644854e+02	1.100298e+03	5.422799e+01	5.660718e-04	2.416982e+00	3.984274e+00
1.006805e-01	1.684545e+02	9.644854e+02	1.100298e+03	5.422799e+01	1.468206e-05	1.406544e+00	3.984274e+00
1.006805e-01	1.684545e+02	9.644854e+02	1.100298e+03	5.422799e+01	1.468206e-05	2.416982e+00	3.633253e+00
9.134859e-03	1.639688e+02	9.644854e+02	1.257783e+03	9.804684e+01	5.660718e-04	1.406544e+00	3.633253e+00
9.134859e-03	1.639688e+02	1.426801e+01	1.100298e+03	9.804684e+01	5.660718e-04	1.406544e+00	3.633253e+00
9.134859e-03	1.639688e+02	1.426801e+01	1.257783e+03	5.422799e+01	5.660718e-04	1.406544e+00	3.633253e+00
1.006805e-01	1.684545e+02	1.426801e+01	1.257783e+03	9.804684e+01	1.468206e-05	1.406544e+00	3.633253e+00
9.134859e-03	1.639688e+02	1.426801e+01	1.257783e+03	9.804684e+01	5.660718e-04	2.416982e+00	3.633253e+00
9.134859e-03	1.639688e+02	1.426801e+01	1.257783e+03	9.804684e+01	5.660718e-04	1.406544e+00	3.984274e+00
9.134859e-03	1.639688e+02	1.426801e+01	1.257783e+03	9.804684e+01	5.660718e-04	1.406544e+00	3.633253e+00
9.134859e-03	1.639688e+02	4.304619e+02	8.131414e+02	1.501993e+00	8.006673e-04	8.198745e-01	1.922031e+00
9.134859e-03	1.639688e+02	9.958451e+02	8.131414e+02	1.501993e+00	8.006673e-04	8.198745e-01	1.922031e+00
9.134859e-03	1.639688e+02	4.304619e+02	5.145397e+02	1.501993e+00	8.006673e-04	8.198745e-01	1.922031e+00
9.134859e-03	1.639688e+02	4.304619e+02	8.131414e+02	4.302993e+01	8.006673e-04	8.198745e-01	1.922031e+00
1.006805e-01	1.684545e+02	4.304619e+02	8.131414e+02	1.501993e+00	1.269349e-04	8.198745e-01	1.922031e+00
9.134859e-03	1.639688e+02	4.304619e+02	8.131414e+02	1.501993e+00	8.006673e-04	3.040734e+00	1.922031e+00
9.134859e-03	1.639688e+02	4.304619e+02	8.131414e+02	1.501993e+00	8.006673e-04	8.198745e-01	7.673099e-01
1.006805e-01	1.684545e+02	4.304619e+02	5.145397e+02	4.302993e+01	1.269349e-04	3.040734e+00	7.673099e-01
1.006805e-01	1.684545e+02	9.958451e+02	8.131414e+02	4.302993e+01	1.269349e-04	3.040734e+00	7.673099e-01
1.006805e-01	1.684545e+02	9.958451e+02	5.145397e+02	1.501993e+00	1.269349e-04	3.040734e+00	7.673099e-01
9.134859e-03	1.639688e+02	9.958451e+02	5.145397e+02	4.302993e+01	8.006673e-04	3.040734e+00	7.673099e-01
1.006805e-01	1.684545e+02	9.958451e+02	5.145397e+02	4.302993e+01	1.269349e-04	8.198745e-01	7.673099e-01
1.006805e-01	1.684545e+02	9.958451e+02	5.145397e+02	4.302993e+01	1.269349e-04	3.040734e+00	1.922031e+00
1.006805e-01	1.684545e+02	9.958451e+02	5.145397e+02	4.302993e+01	1.269349e-04	3.040734e+00	7.673099e-01
6.205602e-03	1.638253e+02	2.415210e+02	1.476287e+03	9.801991e+01	4.209567e-04	1.517552e+00	3.932962e-01
6.205602e-03	1.638253e+02	2.755548e+02	1.476287e+03	9.801991e+01	4.209567e-04	1.517552e+00	3.932962e-01
6.205602e-03	1.638253e+02	2.415210e+02	8.628535e+02	9.801991e+01	4.209567e-04	1.517552e+00	3.932962e-01
6.205602e-03	1.638253e+02	2.415210e+02	1.476287e+03	6.188945e+00	4.209567e-04	1.517552e+00	3.932962e-01
9.134859e-03	1.639688e+02	2.415210e+02	1.476287e+03	9.801991e+01	4.754871e-04	1.517552e+00	3.932962e-01
6.205602e-03	1.638253e+02	2.415210e+02	1.476287e+03	9.801991e+01	4.209567e-04	2.248698e+00	3.932962e-01
6.205602e-03	1.638253e+02	2.415210e+02	1.476287e+03	9.801991e+01	4.209567e-04	1.517552e+00	1.911470e+00
9.134859e-03	1.639688e+02	2.415210e+02	8.628535e+02	6.188945e+00	4.754871e-04	2.248698e+00	1.911470e+00
9.134859e-03	1.639688e+02	2.755548e+02	1.476287e+03	6.188945e+00	4.754871e-04	2.248698e+00	1.911470e+00
9.134859e-03	1.639688e+02	2.755548e+02	8.628535e+02	9.801991e+01	4.754871e-04	2.248698e+00	1.911470e+00
6.205602e-03	1.638253e+02	2.755548e+02	8.628535e+02	6.188945e+00	4.209567e-04	2.248698e+00	1.911470e+00
9.134859e-03	1.639688e+02	2.755548e+02	8.628535e+02	6.188945e+00	4.754871e-04	1.517552e+00	1.911470e+00
9.134859e-03	1.639688e+02	2.755548e+02	8.628535e+02	6.188945e+00	4.754871e-04	2.248698e+00	3.932962e-01
9.134859e-03	1.639688e+02	2.755548e+02	8.628535e+02	6.188945e+00	4.754871e-04	2.248698e+00	1.911470e+00
9.134859e-03	1.639688e+02	6.460126e+02	6.891324e+02	4.517891e+01	6.447524e-04	3.144801e+00	2.453530e+00
9.134859e-03	1.639688e+02	7.339424e+02	6.891324e+02	4.517891e+01	6.447524e-04	3.144801e+00	2.453530e+00
9.134859e-03	1.639688e+02	6.460126e+02	1.119706e+03	4.517891e+01	6.447524e-04	3.144801e+00	2.453530e+00
9.134859e-03	1.639688e+02	6.460126e+02	6.891324e+02	6.069322e+01	6.447524e-04	3.144801e+00	2.453530e+00
9.134859e-03	1.639688e+02	6.460126e+02	6.891324e+02	4.517891e+01	7.858440e-04	3.144801e+00	2.453530e+00
9.134859e-03	1.639688e+02	6.460126e+02	6.891324e+02	4.517891e+01	6.447524e-04	3.263115e-01	2.453530e+00
9.134859e-03	1.639688e+02	6.460126e+02	6.891324e+02	4.517891e+01	6.447524e-04	3.144801e+00	2.520384e+00
9.134859e-03	1.639688e+02	6.460126e+02	1.119706e+03	6.069322e+01	7.858440e-04	3.263115e-01	2.520384e+00
9.134859e-03	1.639688e+02	7.339424e+02	6.891324e+02	6.069322e+01	7.858440e-04	3.263115e-01	2.520384e+00
9.134859e-03	1.639688e+02	7.339424e+02	1.119706e+03	4.517891e+01	7.858440e-04	3.263115e-01	2.520384e+00
9.134859e-03	1.639688e+02	7.339424e+02	1.119706e+03	6.069322e+01	6.447524e-04	3.263115e-01	2.520384e+00
9.134859e-03	1.639688e+02	7.339424e+02	1.119706e+03	6.069322e+01	7.858440e-04	3.144801e+00	2.520384e+00
9.134859e-03	1.639688e+02	7.339424e+02	1.119706e+03	6.069322e+01	7.858440e-04	3.263115e-01	2.453530e+00
9.134859e-03	1.639688e+02	7.339424e+02	1.119706e+03	6.069322e+01	7.858440e-04	3.263115e-01	2.520384e+00
9.134859e-03	1.639688e+02	5.818722e+02	1.343164e+03	2.502098e+01	5.585919e-04	3.685416e+00	3.078842e+00
9.134859e-03	1.639688e+02	4.575438e+02	1.343164e+03	2.502098e+01	5.585919e-04	3.685416e+00	3.078842e+00
9.134859e-03	1.639688e+02	5.818722e+02	9.914970e+02	2.502098e+01	5.585919e-04	3.685416e+00	3.078842e+00
9.134859e-03	1.639688e+02	5.818722e+02	1.343164e+03	2.174109e+01	5.585919e-04	3.685416e+00	3.078842e+00
1.006805e-01	1.684545e+02	5.818722e+02	1.343164e+03	2.502098e+01	1.159457e-04	3.685416e+00	3.078842e+00
9.134859e-03	1.639688e+02	5.818722e+02	1.343164e+03	2.502098e+01	5.585919e-04	2.994957e+00	3.078842e+00
9.134859e-03	1.639688e+02	5.818722e+02	1.343164e+03	2.502098e+01	5.585919e-04	3.685416e+00	2.429192e+00
1.006805e-01	1.684545e+02	5.818722e+02	9.914970e+02	2.174109e+01	1.159457e-04	2.994957e+00	2.429192e+00
1.006805e-01	1.684545e+02	4.575438e+02	1.343164e+03	2.174109e+01	1.159457e-04	2.994957e+00	2.429192e+00
1.006805e-01	1.684545e+02	4.575438e+02	9.914970e+02	2.502098e+01	1.159457e-04	2.994957e+00	2.429192e+00
9.134859e-03	1.639688e+02	4.575438e+02	9.914970e+02	2.174109e+01	5.585919e-04	2.994957e+00	2.429192e+00
1.006805e-01	1.684545e+02	4.575438e+02	9.914970e+02	2.174109e+01	1.159457e-04	3.685416e+00	2.429192e+00
1.006805e-01	1.684545e+02	4.575438e+02	9.914970e+02	2.174109e+01	1.159457e-04	2.994957e+00	3.078842e+00
1.006805e-01	1.684545e+02	4.575438e+02	9.914970e+02	2.174109e+01	1.159457e-04	2.994957e+00	2.429192e+00
6.205602e-03	1.638253e+02	4.858129e+01	6.186303e+02	7.132629e+01	2.567260e-04	1.043057e+00	1.018544e+00
6.205602e-03	1.638253e+02	5.374356e+02	6.186303e+02	7.132629e+01	2.567260e-04	1.043057e+00	1.018544e+00
6.205602e-03	1.638253e+02	4.858129e+01	1.248357e+03	7.132629e+01	2.567260e-04	1.043057e+00	1.018544e+00
6.205602e-03	1.638253e+02	4.858129e+01	6.186303e+02	6.384357e+01	2.567260e-04	1.043057e+00	1.018544e+00
9.134859e-03	1.639688e+02	4.858129e+01	6.186303e+02	7.132629e+01	6.799580e-04	1.043057e+00	1.018544e+00
6.205602e-03	1.638253e+02	4.858129e+01	6.186303e+02	7.132629e+01	2.567260e-04	5.777730e-01	1.018544e+00
6.205602e-03	1.638253e+02	4.858129e+01	6.186303e+02	7.132629e+01	2.567260e-04	1.043057e+00	1.067505e+00
9.134859e-03	1.639688e+02	4.858129e+01	1.248357e+03	6.384357e+01	6.799580e-04	5.777730e-01	1.067505e+00
9.134859e-03	1.639688e+02	5.374356e+02	6.186303e+02	6.384357e+01	6.799580e-04	5.777730e-01	1.067505e+00
9.134859e-03	1.639688e+02	5.374356e+02	1.248357e+03	7.132629e+01	6.799580e-04	5.777730e-01	1.067505e+00
6.205602e-03	1.638253e+02	5.374356e+02	1.248357e+03	6.384357e+01	2.567260e-04	5.777730e-01	1.067505e+00
9.134859e-03	1.639688e+02	5.374356e+02	1.248357e+03	6.384357e+01	6.799580e-04	1.043057e+00	1.067505e+00
9.134859e-03	1.639688e+02	5.374356e+02	1.248357e+03	6.384357e+01	6.799580e-04	5.777730e-01	1.018544e+00
9.134859e-03	1.639688e+02	5.374356e+02	1.248357e+03	6.384357e+01	6.799580e-04	5.777730e-01	1.067505e+00
9.134859e-03	1.639688e+02	3.741404e+02	1.217185e+03	3.122849e+01	9.024210e-04	2.754248e-01	5.486863e-01
9.134859e-03	1.639688e+02	1.951929e+02	1.217185e+03	3.122849e+01	9.024210e-04	2.754248e-01	5.486863e-01
9.134859e-03	1.639688e+02	3.741404e+02	1.378163e+03	3.122849e+01	9.024210e-04	2.754248e-01	5.486863e-01
9.134859e-03	1.639688e+02	3.741404e+02	1.217185e+03	7.609988e+01	9.024210e-04	2.754248e-01	5.486863e-01
9.134859e-03	1.639688e+02	3.741404e+02	1.217185e+03	3.122849e+01	9.538751e-04	2.754248e-01	5.486863e-01
9.134859e-03	1.639688e+02	3.741404e+02	1.217185e+03	3.122849e+01	9.024210e-04	1.658002e+00	5.486863e-01
9.134859e-03	1.639688e+02	3.741404e+02	1.217185e+03	3.122849e+01	9.024210e-04	2.754248e-01	1.766072e-01
9.134859e-03	1.639688e+02	3.741404e+02	1.378163e+03	7.609988e+01	9.538751e-04	1.658002e+00	1.766072e-01
9.134859e-03	1.639688e+02	1.951929e+02	1.217185e+03	7.609988e+01	9.538751e-04	1.658002e+00	1.766072e-01
9.134859e-03	1.639688e+02	1.951929e+02	1.378163e+03	3.122849e+01	9.538751e-04	1.658002e+00	1.766072e-01
9.134859e-03	1.639688e+02	1.951929e+02	1.378163e+03	7.609988e+01	9.024210e-04	1.658002e+00	1.766072e-01
9.134859e-03	1.639688e+02	1.951929e+02	1.378163e+03	7.609988e+01	9.538751e-04	2.754248e-01	1.766072e-01
9.134859e-03	1.639688e+02	1.951929e+02	1.378163e+03	7.609988e+01	9.538751e-04	1.658002e+00	5.486863e-01
9.134859e-03	1.639688e+02	1.951929e+02	1.378163e+03	7.609988e+01	9.538751e-04	1.658002e+00	1.766072e-01
5.780942e-02	1.663539e+02	7.793627e+02	9.926527e+02	7.759991e+01	1.632567e-04	2.887521e+00	2.610872e+00
5.780942e-02	1.663539e+02	7.982112e+02	9.926527e+02	7.759991e+01	1.632567e-04	2.887521e+00	2.610872e+00
5.780942e-02	1.663539e+02	7.793627e+02	6.349129e+02	7.759991e+01	1.632567e-04	2.887521e+00	2.610872e+00
5.780942e-02	1.663539e+02	7.793627e+02	9.926527e+02	3.367998e+01	1.632567e-04	2.887521e+00	2.610872e+00
6.205602e-03	1.638253e+02	7.793627e+02	9.926527e+02	7.759991e+01	2.688933e-04	2.887521e+00	2.610872e+00
5.780942e-02	1.663539e+02	7.793627e+02	9.926527e+02	7.759991e+01	1.632567e-04	3.786981e+00	2.610872e+00
5.780942e-02	1.663539e+02	7.793627e+02	9.926527e+02	7.759991e+01	1.632567e-04	2.887521e+00	3.288800e+00
6.205602e-03	1.638253e+02	7.793627e+02	6.349129e+02	3.367998e+01	2.688933e-04	3.786981e+00	3.288800e+00
6.205602e-03	1.638253e+02	7.982112e+02	9.926527e+02	3.367998e+01	2.688933e-04	3.786981e+00	3.288800e+00
6.205602e-03	1.638253e+02	7.982112e+02	6.349129e+02	7.759991e+01	2.688933e-04	3.786981e+00	3.288800e+00
5.780942e-02	1.663539e+02	7.982112e+02	6.349129e+02	3.367998e+01	1.632567e-04	3.786981e+00	3.288800e+00
6.205602e-03	1.638253e+02	7.982112e+02	6.349129e+02	3.367998e+01	2.688933e-04	2.887521e+00	3.288800e+00
6.205602e-03	1.638253e+02	7.982112e+02	6.349129e+02	3.367998e+01	2.688933e-04	3.786981e+00	2.610872e+00
6.205602e-03	1.638253e+02	7.982112e+02	6.349129e+02	3.367998e+01	2.688933e-04	3.786981e+00	3.288800e+00
9.134859e-03	1.639688e+02	7.951208e+02	1.237345e+03	5.110102e+00	6.889991e-04	1.925714e+00	1.247534e+00
9.134859e-03	1.639688e+02	5.981730e+02	1.237345e+03	5.110102e+00	6.889991e-04	1.925714e+00	1.247534e+00
9.134859e-03	1.639688e+02	7.951208e+02	1.420411e+03	5.110102e+00	6.889991e-04	1.925714e+00	1.247534e+00
9.134859e-03	1.639688e+02	7.951208e+02	1.237345e+03	3.783801e+01	6.889991e-04	1.925714e+00	1.247534e+00
9.134859e-03	1.639688e+02	7.951208e+02	1.237345e+03	5.110102e+00	9.210407e-04	1.925714e+00	1.247534e+00
9.134859e-03	1.639688e+02	7.951208e+02	1.237345e+03	5.110102e+00	6.889991e-04	3.933713e+00	1.247534e+00
9.134859e-03	1.639688e+02	7.951208e+02	1.237345e+03	5.110102e+00	6.889991e-04	1.925714e+00	2.099716e+00
9.134859e-03	1.639688e+02	7.951208e+02	1.420411e+03	3.783801e+01	9.210407e-04	3.933713e+00	2.099716e+00
9.134859e-03	1.639688e+02	5.981730e+02	1.237345e+03	3.783801e+01	9.210407e-04	3.933713e+00	2.099716e+00
9.134859e-03	1.639688e+02	5.981730e+02	1.420411e+03	5.110102e+00	9.210407e-04	3.933713e+00	2.099716e+00
9.134859e-03	1.639688e+02	5.981730e+02	1.420411e+03	3.783801e+01	6.889991e-04	3.933713e+00	2.099716e+00
9.134859e-03	1.639688e+02	5.981730e+02	1.420411e+03	3.783801e+01	9.210407e-04	1.925714e+00	2.099716e+00
9.134859e-03	1.639688e+02	5.981730e+02	1.420411e+03	3.783801e+01	9.210407e-04	3.933713e+00	1.247534e+00
9.134859e-03	1.639688e+02	5.981730e+02	1.420411e+03	3.783801e+01	9.210407e-04	3.933713e+00	2.099716e+00
9.134859e-03	1.639688e+02	3.271633e+02	9.580950e+02	5.219379e+01	4.971957e-04	3.305532e+00	3.177240e+00
9.134859e-03	1.639688e+02	3.934073e+02	9.580950e+02	5.219379e+01	4.971957e-04	3.305532e+00	3.177240e+00
9.134859e-03	1.639688e+02	3.271633e+02	6.636807e+02	5.219379e+01	4.971957e-04	3.305532e+00	3.177240e+00
9.134859e-03	1.639688e+02	3.271633e+02	9.580950e+02	9.536840e+01	4.971957e-04	3.305532e+00	3.177240e+00
6.205602e-03	1.638253e+02	3.271633e+02	9.580950e+02	5.219379e+01	3.572755e-04	3.305532e+00	3.177240e+00
9.134859e-03	1.639688e+02	3.271633e+02	9.580950e+02	5.219379e+01	4.971957e-04	1.511521e+00	3.177240e+00
9.134859e-03	1.639688e+02	3.271633e+02	9.580950e+02	5.219379e+01	4.971957e-04	3.305532e+00	1.490500e+00
6.205602e-03	1.638253e+02	3.271633e+02	6.636807e+02	9.536840e+01	3.572755e-04	1.511521e+00	1.490500e+00
6.205602e-03	1.638253e+02	3.934073e+02	9.580950e+02	9.536840e+01	3.572755e-04	1.511521e+00	1.490500e+00
6.205602e-03	1.638253e+02	3.934073e+02	6.636807e+02	5.219379e+01	3.572755e-04	1.511521e+00	1.490500e+00
9.134859e-03	1.639688e+02	3.934073e+02	6.636807e+02	9.536840e+01	4.971957e-04	1.511521e+00	1.490500e+00
6.205602e-03	1.638253e+02	3.934073e+02	6.636807e+02	9.536840e+01	3.572755e-04	3.305532e+00	1.490500e+00
6.205602e-03	1.638253e+02	3.934073e+02	6.636807e+02	9.536840e+01	3.572755e-04	1.511521e+00	3.177240e+00
6.205602e-03	1.638253e+02	3.934073e+02	6.636807e+02	9.536840e+01	3.572755e-04	1.511521e+00	1.490500e+00
9.134859e-03	1.639688e+02	1.901661e+00	1.361364e+03	4.879833e+01	8.451503e-04	2.008823e+00	2.644788e+00
9.134859e-03	1.639688e+02	8.604130e+02	1.361364e+03	4.879833e+01	8.451503e-04	2.008823e+00	2.644788e+00
9.134859e-03	1.639688e+02	1.901661e+00	9.638349e+02	4.879833e+01	8.451503e-04	2.008823e+00	2.644788e+00
9.134859e-03	1.639688e+02	1.901661e+00	1.361364e+03	5.844258e+01	8.451503e-04	2.008823e+00	2.644788e+00
1.006805e-01	1.684545e+02	1.901661e+00	1.361364e+03	4.879833e+01	1.122294e-05	2.008823e+00	2.644788e+00
9.134859e-03	1.639688e+02	1.901661e+00	1.361364e+03	4.879833e+01	8.451503e-04	7.196268e-01	2.644788e+00
9.134859e-03	1.639688e+02	1.901661e+00	1.361364e+03	4.879833e+01	8.451503e-04	2.008823e+00	3.775068e-01
1.006805e-01	1.684545e+02	1.901661e+00	9.638349e+02	5.844258e+01	1.122294e-05	7.196268e-01	3.775068e-01
1.006805e-01	1.684545e+02	8.604130e+02	1.361364e+03	5.844258e+01	1.122294e-05	7.196268e-01	3.775068e-01
1.006805e-01	1.684545e+02	8.604130e+02	9.638349e+02	4.879833e+01	1.122294e-05	7.196268e-01	3.775068e-01
9.134859e-03	1.639688e+02	8.604130e+02	9.638349e+02	5.844258e+01	8.451503e-04	7.196268e-01	3.775068e-01
1.006805e-01	1.684545e+02	8.604130e+02	9.638349e+02	5.844258e+01	1.122294e-05	2.008823e+00	3.775068e-01
1.006805e-01	1.684545e+02	8.604130e+02	9.638349e+02	5.844258e+01	1.122294e-05	7.196268e-01	2.644788e+00
1.006805e-01	1.684545e+02	8.604130e+02	9.638349e+02	5.844258e+01	1.122294e-05	7.196268e-01	3.775068e-01
1.006805e-01	1.684545e+02	5.973333e+02	5.821116e+02	9.595003e+01	9.166043e-05	6.591378e-01	7.169698e-01
1.006805e-01	1.684545e+02	1.325187e+02	5.821116e+02	9.595003e+01	9.166043e-05	6.591378e-01	7.169698e-01
1.006805e-01	1.684545e+02	5.973333e+02	1.206956e+03	9.595003e+01	9.166043e-05	6.591378e-01	7.169698e-01
1.006805e-01	1.684545e+02	5.973333e+02	5.821116e+02	5.951516e-01	9.166043e-05	6.591378e-01	7.169698e-01
9.134859e-03	1.639688e+02	5.973333e+02	5.821116e+02	9.595003e+01	6.959639e-04	6.591378e-01	7.169698e-01
1.006805e-01	1.684545e+02	5.973333e+02	5.821116e+02	9.595003e+01	9.166043e-05	2.853339e+00	7.169698e-01
1.006805e-01	1.684545e+02	5.973333e+02	5.821116e+02	9.595003e+01	9.166043e-05	6.591378e-01	3.243756e+00
9.134859e-03	1.639688e+02	5.973333e+02	1.206956e+03	5.951516e-01	6.959639e-04	2.853339e+00	3.243756e+00
9.134859e-03	1.639688e+02	1.325187e+02	5.821116e+02	5.951516e-01	6.959639e-04	2.853339e+00	3.243756e+00
9.134859e-03	1.639688e+02	1.325187e+02	1.206956e+03	9.595003e+01	6.959639e-04	2.853339e+00	3.243756e+00
1.006805e-01	1.684545e+02	1.325187e+02	1.206956e+03	5.951516e-01	9.166043e-05	2.853339e+00	3.243756e+00
9.134859e-03	1.639688e+02	1.325187e+02	1.206956e+03	5.951516e-01	6.959639e-04	6.591378e-01	3.243756e+00
9.134859e-03	1.639688e+02	1.325187e+02	1.206956e+03	5.951516e-01	6.959639e-04	2.853339e+00	7.169698e-01
9.134859e-03	1.639688e+02	1.325187e+02	1.206956e+03	5.951516e-01	6.959639e-04	2.853339e+00	3.243756e+00
6.205602e-03	1.638253e+02	6.615262e+02	1.448092e+03	7.257714e+01	2.397540e-04	1.867731e-01	1.841274e+00
6.205602e-03	1.638253e+02	9.321952e+02	1.448092e+03	7.257714e+01	2.397540e-04	1.867731e-01	1.841274e+00
6.205602e-03	1.638253e+02	6.615262e+02	8.419898e+02	7.257714e+01	2.397540e-04	1.867731e-01	1.841274e+00
6.205602e-03	1.638253e+02	6.615262e+02	1.448092e+03	6.787631e+01	2.397540e-04	1.867731e-01	1.841274e+00
6.205602e-03	1.638253e+02	6.615262e+02	1.448092e+03	7.257714e+01	4.009460e-04	1.867731e-01	1.841274e+00
6.205602e-03	1.638253e+02	6.615262e+02	1.448092e+03	7.257714e+01	2.397540e-04	4.718213e-01	1.841274e+00
6.205602e-03	1.638253e+02	6.615262e+02	1.448092e+03	7.257714e+01	2.397540e-04	1.867731e-01	3.834214e+00
6.205602e-03	1.638253e+02	6.615262e+02	8.419898e+02	6.787631e+01	4.009460e-04	4.718213e-01	3.834214e+00
6.205602e-03	1.638253e+02	9.321952e+02	1.448092e+03	6.787631e+01	4.009460e-04	4.718213e-01	3.834214e+00
6.205602e-03	1.638253e+02	9.321952e+02	8.419898e+02	7.257714e+01	4.009460e-04	4.718213e-01	3.834214e+00
6.205602e-03	1.638253e+02	9.321952e+02	8.419898e+02	6.787631e+01	2.397540e-04	4.718213e-01	3.834214e+00
6.205602e-03	1.638253e+02	9.321952e+02	8.419898e+02	6.787631e+01	4.009460e-04	1.867731e-01	3.834214e+00
6.205602e-03	1.638253e+02	9.321952e+02	8.419898e+02	6.787631e+01	4.009460e-04	4.718213e-01	1.841274e+00
6.205602e-03	1.638253e+02	9.321952e+02	8.419898e+02	6.787631e+01	4.009460e-04	4.718213e-01	3.834214e+00
9.134859e-03	1.639688e+02	1.947890e+02	7.312193e+02	1.907276e+01	9.464076e-04	2.547550e+00	3.769027e+00
9.134859e-03	1.639688e+02	7.549403e+01	7.312193e+02	1.907276e+01	9.464076e-04	2.547550e+00	3.769027e+00
9.134859e-03	1.639688e+02	1.947890e+02	1.085118e+03	1.907276e+01	9.464076e-04	2.547550e+00	3.769027e+00
9.134859e-03	1.639688e+02	1.947890e+02	7.312193e+02	2.243087e+01	9.464076e-04	2.547550e+00	3.769027e+00
9.134859e-03	1.639688e+02	1.947890e+02	7.312193e+02	1.907276e+01	8.398364e-04	2.547550e+00	3.769027e+00
9.134859e-03	1.639688e+02	1.947890e+02	7.312193e+02	1.907276e+01	9.464076e-04	2.102952e+00	3.769027e+00
9.134859e-03	1.639688e+02	1.947890e+02	7.312193e+02	1.907276e+01	9.464076e-04	2.547550e+00	7.222058e-01
9.134859e-03	1.639688e+02	1.947890e+02	1.085118e+03	2.243087e+01	8.398364e-04	2.102952e+00	7.222058e-01
9.134859e-03	1.639688e+02	7.549403e+01	7.312193e+02	2.243087e+01	8.398364e-04	2.102952e+00	7.222058e-01
9.134859e-03	1.639688e+02	7.549403e+01	1.085118e+03	1.907276e+01	8.398364e-04	2.102952e+00	7.222058e-01
9.134859e-03	1.639688e+02	7.549403e+01	1.085118e+03	2.243087e+01	9.464076e-04	2.102952e+00	7.222058e-01
9.134859e-03	1.639688e+02	7.549403e+01	1.085118e+03	2.243087e+01	8.398364e-04	2.547550e+00	7.222058e-01
9.134859e-03	1.639688e+02	7.549403e+01	1.085118e+03	2.243087e+01	8.398364e-04	2.102952e+00	3.769027e+00
9.134859e-03	1.639688e+02	7.549403e+01	1.085118e+03	2.243087e+01	8.398364e-04	2.102952e+00	7.222058e-01
6.205602e-03	1.638253e+02	3.835391e+02	1.074079e+03	7.888838e+01	3.334748e-04	3.774062e+00	2.302401e+00
6.205602e-03	1.638253e+02	6.707812e+02	1.074079e+03	7.888838e+01	3.334748e-04	3.774062e+00	2.302401e+00
6.205602e-03	1.638253e+02	3.835391e+02	1.291280e+03	7.888838e+01	3.334748e-04	3.774062e+00	2.302401e+00
6.205602e-03	1.638253e+02	3.835391e+02	1.074079e+03	3.479604e+01	3.334748e-04	3.774062e+00	2.302401e+00
9.134859e-03	1.639688e+02	3.835391e+02	1.074079e+03	7.888838e+01	5.596388e-04	3.774062e+00	2.302401e+00
6.205602e-03	1.638253e+02	3.835391e+02	1.074079e+03	7.888838e+01	3.334748e-04	3.183314e+00	2.302401e+00
6.205602e-03	1.638253e+02	3.835391e+02	1.074079e+03	7.888838e+01	3.334748e-04	3.774062e+00	1.581933e+00
9.134859e-03	1.639688e+02	3.835391e+02	1.291280e+03	3.479604e+01	5.596388e-04	3.183314e+00	1.581933e+00
9.134859e-03	1.639688e+02	6.707812e+02	1.074079e+03	3.479604e+01	5.596388e-04	3.183314e+00	1.581933e+00
9.134859e-03	1.639688e+02	6.707812e+02	1.291280e+03	7.888838e+01	5.596388e-04	3.183314e+00	1.581933e+00
6.205602e-03	1.638253e+02	6.707812e+02	1.291280e+03	3.479604e+01	3.334748e-04	3.183314e+00	1.581933e+00
9.134859e-03	1.639688e+02	6.707812e+02	1.291280e+03	3.479604e+01	5.596388e-04	3.774062e+00	1.581933e+00
9.134859e-03	1.639688e+02	6.707812e+02	1.291280e+03	3.479604e+01	5.596388e-04	3.183314e+00	2.302401e+00
9.134859e-03	1.639688e+02	6.707812e+02	1.291280e+03	3.479604e+01	5.596388e-04	3.183314e+00	1.581933e+00
9.134859e-03	1.639688e+02	9.801892e+02	8.572046e+02	2.526708e+01	6.033026e-04	1.383030e+00	3.726383e-01
9.134859e-03	1.639688e+02	3.372676e+02	8.572046e+02	2.526708e+01	6.033026e-04	1.383030e+00	3.726383e-01
9.134859e-03	1.639688e+02	9.801892e+02	5.345419e+02	2.526708e+01	6.033026e-04	1.383030e+00	3.726383e-01
9.134859e-03	1.639688e+02	9.801892e+02	8.572046e+02	7.972923e+01	6.033026e-04	1.383030e+00	3.726383e-01
6.205602e-03	1.638253e+02	9.801892e+02	8.572046e+02	2.526708e+01	2.495231e-04	1.383030e+00	3.726383e-01
9.134859e-03	1.639688e+02	9.801892e+02	8.572046e+02	2.526708e+01	6.033026e-04	1.263713e+00	3.726383e-01
9.134859e-03	1.639688e+02	9.801892e+02	8.572046e+02	2.526708e+01	6.033026e-04	1.383030e+00	2.943439e+00
6.205602e-03	1.638253e+02	9.801892e+02	5.345419e+02	7.972923e+01	2.495231e-04	1.263713e+00	2.943439e+00
6.205602e-03	1.638253e+02	3.372676e+02	8.572046e+02	7.972923e+01	2.495231e-04	1.263713e+00	2.943439e+00
6.205602e-03	1.638253e+02	3.372676e+02	5.345419e+02	2.526708e+01	2.495231e-04	1.263713e+00	2.943439e+00
9.134859e-03	1.639688e+02	3.372676e+02	5.345419e+02	7.972923e+01	6.033026e-04	1.263713e+00	2.943439e+00
6.205602e-03	1.638253e+02	3.372676e+02	5.345419e+02	7.972923e+01	2.495231e-04	1.383030e+00	2.943439e+00
6.205602e-03	1.638253e+02	3.372676e+02	5.345419e+02	7.972923e+01	2.495231e-04	1.263713e+00	3.726383e-01
6.205602e-03	1.638253e+02	3.372676e+02	5.345419e+02	7.972923e+01	2.495231e-04	1.263713e+00	2.943439e+00
9.134859e-03	1.639688e+02	8.913183e+02	1.292995e+03	8.552521e+01	9.321873e-04	3.054378e+00	9.773680e-01
9.134859e-03	1.639688e+02	9.621179e+02	1.292995e+03	8.552521e+01	9.321873e-04	3.054378e+00	9.773680e-01
9.134859e-03	1.639688e+02	8.913183e+02	7.890238e+02	8.552521e+01	9.321873e-04	3.054378e+00	9.773680e-01
9.134859e-03	1.639688e+02	8.913183e+02	1.292995e+03	7.106998e+01	9.321873e-04	3.054378e+00	9.773680e-01
9.134859e-03	1.639688e+02	8.913183e+02	1.292995e+03	8.552521e+01	6.512146e-04	3.054378e+00	9.773680e-01
9.134859e-03	1.639688e+02	8.913183e+02	1.292995e+03	8.552521e+01	9.321873e-04	1.041388e+00	9.773680e-01
9.134859e-03	1.639688e+02	8.913183e+02	1.292995e+03	8.552521e+01	9.321873e-04	3.054378e+00	2.266691e+00
9.134859e-03	1.639688e+02	8.913183e+02	7.890238e+02	7.106998e+01	6.512146e-04	1.041388e+00	2.266691e+00
9.134859e-03	1.639688e+02	9.621179e+02	1.292995e+03	7.106998e+01	6.512146e-04	1.041388e+00	2.266691e+00
9.134859e-03	1.639688e+02	9.621179e+02	7.890238e+02	8.552521e+01	6.512146e-04	1.041388e+00	2.266691e+00
9.134859e-03	1.639688e+02	9.621179e+02	7.890238e+02	7.106998e+01	9.321873e-04	1.041388e+00	2.266691e+00
9.134859e-03	1.639688e+02	9.621179e+02	7.890238e+02	7.106998e+01	6.512146e-04	3.054378e+00	2.266691e+00
9.134859e-03	1.639688e+02	9.621179e+02	7.890238e+02	7.106998e+01	6.512146e-04	1.041388e+00	9.773680e-01
9.134859e-03	1.639688e+02	9.621179e+02	7.890238e+02	7.106998e+01	6.512146e-04	1.041388e+00	2.266691e+00
1.006805e-01	1.684545e+02	4.880157e+02	5.098674e+02	3.268573e+01	1.335199e-04	1.674587e+00	2.912979e+00
1.006805e-01	1.684545e+02	4.691106e+01	5.098674e+02	3.268573e+01	1.335199e-04	1.674587e+00	2.912979e+00
1.006805e-01	1.684545e+02	4.880157e+02	1.045832e+03	3.268573e+01	1.335199e-04	1.674587e+00	2.912979e+00
1.006805e-01	1.684545e+02	4.880157e+02	5.098674e+02	1.295371e+01	1.335199e-04	1.674587e+00	2.912979e+00
1.006805e-01	1.684545e+02	4.880157e+02	5.098674e+02	3.268573e+01	8.720248e-05	1.674587e+00	2.912979e+00
1.006805e-01	1.684545e+02	4.880157e+02	5.098674e+02	3.268573e+01	1.335199e-04	3.404155e+00	2.912979e+00
1.006805e-01	1.684545e+02	4.880157e+02	5.098674e+02	3.268573e+01	1.335199e-04	1.674587e+00	1.134425e+00
1.006805e-01	1.684545e+02	4.880157e+02	1.045832e+03	1.295371e+01	8.720248e-05	3.404155e+00	1.134425e+00
1.006805e-01	1.684545e+02	4.691106e+01	5.098674e+02	1.295371e+01	8.720248e-05	3.404155e+00	1.134425e+00
1.006805e-01	1.684545e+02	4.691106e+01	1.045832e+03	3.268573e+01	8.720248e-05	3.404155e+00	1.134425e+00
1.006805e-01	1.684545e+02	4.691106e+01	1.045832e+03	1.295371e+01	1.335199e-04	3.404155e+00	1.134425e+00
1.006805e-01	1.684545e+02	4.691106e+01	1.045832e+03	1.295371e+01	8.720248e-05	1.674587e+00	1.134425e+00
1.006805e-01	1.684545e+02	4.691106e+01	1.045832e+03	1.295371e+01	8.720248e-05	3.404155e+00	2.912979e+00
1.006805e-01	1.684545e+02	4.691106e+01	1.045832e+03	1.295371e+01	8.720248e-05	3.404155e+00	1.134425e+00
9.134859e-03	1.639688e+02	1.859184e+02	1.168965e+03	6.672117e+01	5.259131e-04	9.063996e-01	3.384054e+00
9.134859e-03	1.639688e+02	7.013414e+02	1.168965e+03	6.672117e+01	5.259131e-04	9.063996e-01	3.384054e+00
9.134859e-03	1.639688e+02	1.859184e+02	1.331551e+03	6.672117e+01	5.259131e-04	9.063996e-01	3.384054e+00
9.134859e-03	1.639688e+02	1.859184e+02	1.168965e+03	2.528246e+01	5.259131e-04	9.063996e-01	3.384054e+00
6.205602e-03	1.638253e+02	1.859184e+02	1.168965e+03	6.672117e+01	3.122976e-04	9.063996e-01	3.384054e+00
9.134859e-03	1.639688e+02	1.859184e+02	1.168965e+03	6.672117e+01	5.259131e-04	2.317940e+00	3.384054e+00
9.134859e-03	1.639688e+02	1.859184e+02	1.168965e+03	6.672117e+01	5.259131e-04	9.063996e-01	3.031220e-02
6.205602e-03	1.638253e+02	1.859184e+02	1.331551e+03	2.528246e+01	3.122976e-04	2.317940e+00	3.031220e-02
6.205602e-03	1.638253e+02	7.013414e+02	1.168965e+03	2.528246e+01	3.122976e-04	2.317940e+00	3.031220e-02
6.205602e-03	1.638253e+02	7.013414e+02	1.331551e+03	6.672117e+01	3.122976e-04	2.317940e+00	3.031220e-02
9.134859e-03	1.639688e+02	7.013414e+02	1.331551e+03	2.528246e+01	5.259131e-04	2.317940e+00	3.031220e-02
6.205602e-03	1.638253e+02	7.013414e+02	1.331551e+03	2.528246e+01	3.122976e-04	9.063996e-01	3.031220e-02
6.205602e-03	1.638253e+02	7.013414e+02	1.331551e+03	2.528246e+01	3.122976e-04	2.317940e+00	3.384054e+00
6.205602e-03	1.638253e+02	7.013414e+02	1.331551e+03	2.528246e+01	3.122976e-04	2.317940e+00	3.031220e-02
6.205602e-03	1.638253e+02	7.172286e+02	8.858391e+02	1.399670e+01	2.894343e-04	2.256050e+00	1.446556e+00
6.205602e-03	1.638253e+02	3.092629e+02	8.858391e+02	1.399670e+01	2.894343e-04	2.256050e+00	1.446556e+00
6.205602e-03	1.638253e+02	7.172286e+02	5.884771e+02	1.399670e+01	2.894343e-04	2.256050e+00	1.446556e+00
6.205602e-03	1.638253e+02	7.172286e+02	8.858391e+02	8.293491e+01	2.894343e-04	2.256050e+00	1.446556e+00
9.134859e-03	1.639688e+02	7.172286e+02	8.858391e+02	1.399670e+01	9.972793e-04	2.256050e+00	1.446556e+00
6.205602e-03	1.638253e+02	7.172286e+02	8.858391e+02	1.399670e+01	2.894343e-04	2.592310e-01	1.446556e+00
6.205602e-03	1.638253e+02	7.172286e+02	8.858391e+02	1.399670e+01	2.894343e-04	2.256050e+00	3.402093e+00
9.134859e-03	1.639688e+02	7.172286e+02	5.884771e+02	8.293491e+01	9.972793e-04	2.592310e-01	3.402093e+00
9.134859e-03	1.639688e+02	3.092629e+02	8.858391e+02	8.293491e+01	9.972793e-04	2.592310e-01	3.402093e+00
9.134859e-03	1.639688e+02	3.092629e+02	5.884771e+02	1.399670e+01	9.972793e-04	2.592310e-01	3.402093e+00
6.205602e-03	1.638253e+02	3.092629e+02	5.884771e+02	8.293491e+01	2.894343e-04	2.592310e-01	3.402093e+00
9.134859e-03	1.639688e+02	3.092629e+02	5.884771e+02	8.293491e+01	9.972793e-04	2.256050e+00	3.402093e+00
9.134859e-03	1.639688e+02	3.092629e+02	5.884771e+02	8.293491e+01	9.972793e-04	2.592310e-01	1.446556e+00
9.134859e-03	1.639688e+02	3.092629e+02	5.884771e+02	8.293491e+01	9.972793e-04	2.592310e-01	3.402093e+00
6.205602e-03	1.638253e+02	5.243145e+02	1.021320e+03	4.372320e+01	3.911751e-04	2.798551e+00	7.290946e-02
6.205602e-03	1.638253e+02	5.076145e+02	1.021320e+03	4.372320e+01	3.911751e-04	2.798551e+00	7.290946e-02
6.205602e-03	1.638253e+02	5.243145e+02	1.460232e+03	4.372320e+01	3.911751e-04	2.798551e+00	7.290946e-02
6.205602e-03	1.638253e+02	5.243145e+02	1.021320e+03	4.713214e+01	3.911751e-04	2.798551e+00	7.290946e-02
5.780942e-02	1.663539e+02	5.243145e+02	1.021320e+03	4.372320e+01	1.693821e-04	2.798551e+00	7.290946e-02
6.205602e-03	1.638253e+02	5.243145e+02	1.021320e+03	4.372320e+01	3.911751e-04	2.569189e+00	7.290946e-02
6.205602e-03	1.638253e+02	5.243145e+02	1.021320e+03	4.372320e+01	3.911751e-04	2.798551e+00	3.556105e+00
5.780942e-02	1.663539e+02	5.243145e+02	1.460232e+03	4.713214e+01	1.693821e-04	2.569189e+00	3.556105e+00
5.780942e-02	1.663539e+02	5.076145e+02	1.021320e+03	4.713214e+01	1.693821e-04	2.569189e+00	3.556105e+00
5.780942e-02	1.663539e+02	5.076145e+02	1.460232e+03	4.372320e+01	1.693821e-04	2.569189e+00	3.556105e+00
6.205602e-03	1.638253e+02	5.076145e+02	1.460232e+03	4.713214e+01	3.911751e-04	2.569189e+00	3.556105e+00
5.780942e-02	1.663539e+02	5.076145e+02	1.460232e+03	4.713214e+01	1.693821e-04	2.798551e+00	3.556105e+00
5.780942e-02	1.663539e+02	5.076145e+02	1.460232e+03	4.713214e+01	1.693821e-04	2.569189e+00	7.290946e-02
5.780942e-02	1.663539e+02	5.076145e+02	1.460232e+03	4.713214e+01	1.693821e-04	2.569189e+00	3.556105e+00
9.134859e-03	1.639688e+02	1.217446e+02	8.005704e+02	9.009309e+01	6.745044e-04	4.378085e-01	2.010465e+00
9.134859e-03	1.639688e+02	4.862883e+02	8.005704e+02	9.009309e+01	6.745044e-04	4.378085e-01	2.010465e+00
9.134859e-03	1.639688e+02	1.217446e+02	7.171503e+02	9.009309e+01	6.745044e-04	4.378085e-01	2.010465e+00
9.134859e-03	1.639688e+02	1.217446e+02	8.005704e+02	9.238213e+01	6.745044e-04	4.378085e-01	2.010465e+00
9.134859e-03	1.639688e+02	1.217446e+02	8.005704e+02	9.009309e+01	6.085191e-04	4.378085e-01	2.010465e+00
9.134859e-03	1.639688e+02	1.217446e+02	8.005704e+02	9.009309e+01	6.745044e-04	1.005276e+00	2.010465e+00
9.134859e-03	1.639688e+02	1.217446e+02	8.005704e+02	9.009309e+01	6.745044e-04	4.378085e-01	9.361432e-01
9.134859e-03	1.639688e+02	1.217446e+02	7.171503e+02	9.238213e+01	6.085191e-04	1.005276e+00	9.361432e-01
9.134859e-03	1.639688e+02	4.862883e+02	8.005704e+02	9.238213e+01	6.085191e-04	1.005276e+00	9.361432e-01
9.134859e-03	1.639688e+02	4.862883e+02	7.171503e+02	9.009309e+01	6.085191e-04	1.005276e+00	9.361432e-01
9.134859e-03	1.639688e+02	4.862883e+02	7.171503e+02	9.238213e+01	6.745044e-04	1.005276e+00	9.361432e-01
9.134859e-03	1.639688e+02	4.862883e+02	7.171503e+02	9.238213e+01	6.085191e-04	4.378085e-01	9.361432e-01
9.134859e-03	1.639688e+02	4.862883e+02	7.171503e+02	9.238213e+01	6.085191e-04	1.005276e+00	2.010465e+00
9.134859e-03	1.639688e+02	4.862883e+02	7.171503e+02	9.238213e+01	6.085191e-04	1.005276e+00	9.361432e-01
1.006805e-01	1.684545e+02	3.029283e+02	1.395352e+03	1.252781e+01	4.734559e-05	1.135921e+00	3.538469e+00
1.006805e-01	1.684545e+02	7.695162e+02	1.395352e+03	1.252781e+01	4.734559e-05	1.135921e+00	3.538469e+00
1.006805e-01	1.684545e+02	3.029283e+02	9.093657e+02	1.252781e+01	4.734559e-05	1.135921e+00	3.538469e+00
1.006805e-01	1.684545e+02	3.029283e+02	1.395352e+03	5.541990e+01	4.734559e-05	1.135921e+00	3.538469e+00
9.134859e-03	1.639688e+02	3.029283e+02	1.395352e+03	1.252781e+01	7.599546e-04	1.135921e+00	3.538469e+00
1.006805e-01	1.684545e+02	3.029283e+02	1.395352e+03	1.252781e+01	4.734559e-05	1.787423e+00	3.538469e+00
1.006805e-01	1.684545e+02	3.029283e+02	1.395352e+03	1.252781e+01	4.734559e-05	1.135921e+00	1.786975e+00
9.134859e-03	1.639688e+02	3.029283e+02	9.093657e+02	5.541990e+01	7.599546e-04	1.787423e+00	1.786975e+00
9.134859e-03	1.639688e+02	7.695162e+02	1.395352e+03	5.541990e+01	7.599546e-04	1.787423e+00	1.786975e+00
9.134859e-03	1.639688e+02	7.695162e+02	9.093657e+02	1.252781e+01	7.599546e-04	1.787423e+00	1.786975e+00
1.006805e-01	1.684545e+02	7.695162e+02	9.093657e+02	5.541990e+01	4.734559e-05	1.787423e+00	1.786975e+00
9.134859e-03	1.639688e+02	7.695162e+02	9.093657e+02	5.541990e+01	7.599546e-04	1.135921e+00	1.786975e+00
9.134859e-03	1.639688e+02	7.695162e+02	9.093657e+02	5.541990e+01	7.599546e-04	1.787423e+00	3.538469e+00
9.134859e-03	1.639688e+02	7.695162e+02	9.093657e+02	5.541990e+01	7.599546e-04	1.787423e+00	1.786975e+00
9.134859e-03	1.639688e+02	8.349691e+02	6.746044e+02	5.883159e+01	7.679742e-04	3.526926e+00	1.602923e+00
9.134859e-03	1.639688e+02	2.250025e+02	6.746044e+02	5.883159e+01	7.679742e-04	3.526926e+00	1.602923e+00
9.134859e-03	1.639688e+02	8.349691e+02	1.166181e+03	5.883159e+01	7.679742e-04	3.526926e+00	1.602923e+00
9.134859e-03	1.639688e+02	8.349691e+02	6.746044e+02	9.901299e+00	7.679742e-04	3.526926e+00	1.602923e+00
1.152046e-02	1.640857e+02	8.349691e+02	6.746044e+02	5.883159e+01	4.495976e-04	3.526926e+00	1.602923e+00
9.134859e-03	1.639688e+02	8.349691e+02	6.746044e+02	5.883159e+01	7.679742e-04	3.655399e+00	1.602923e+00
9.134859e-03	1.639688e+02	8.349691e+02	6.746044e+02	5.883159e+01	7.679742e-04	3.526926e+00	2.673985e+00
1.152046e-02	1.640857e+02	8.349691e+02	1.166181e+03	9.901299e+00	4.495976e-04	3.655399e+00	2.673985e+00
1.152046e-02	1.640857e+02	2.250025e+02	6.746044e+02	9.901299e+00	4.495976e-04	3.655399e+00	2.673985e+00
1.152046e-02	1.640857e+02	2.250025e+02	1.166181e+03	5.883159e+01	4.495976e-04	3.655399e+00	2.673985e+00
9.134859e-03	1.639688e+02	2.250025e+02	1.166181e+03	9.901299e+00	7.679742e-04	3.655399e+00	2.673985e+00
1.152046e-02	1.640857e+02	2.250025e+02	1.166181e+03	9.901299e+00	4.495976e-04	3.526926e+00	2.673985e+00
1.152046e-02	1.640857e+02	2.250025e+02	1.166181e+03	9.901299e+00	4.495976e-04	3.655399e+00	1.602923e+00
1.152046e-02	1.640857e+02	2.250025e+02	1.166181e+03	9.901299e+00	4.495976e-04	3.655399e+00	2.673985e+00
9.134859e-03	1.639688e+02	8.147316e+02	1.042093e+03	9.862378e+01	6.115494e-04	1.031350e-01	1.430334e+00
9.134859e-03	1.639688e+02	8.528994e+02	1.042093e+03	9.862378e+01	6.115494e-04	1.031350e-01	1.430334e+00
9.134859e-03	1.639688e+02	8.147316e+02	1.061628e+03	9.862378e+01	6.115494e-04	1.031350e-01	1.430334e+00
9.134859e-03	1.639688e+02	8.147316e+02	1.042093e+03	9.460082e+01	6.115494e-04	1.031350e-01	1.430334e+00
9.134859e-03	1.639688e+02	8.147316e+02	1.042093e+03	9.862378e+01	8.250498e-04	1.031350e-01	1.430334e+00
9.134859e-03	1.639688e+02	8.147316e+02	1.042093e+03	9.862378e+01	6.115494e-04	2.400327e+00	1.430334e+00
9.134859e-03	1.639688e+02	8.147316e+02	1.042093e+03	9.862378e+01	6.115494e-04	1.031350e-01	1.115075e+00
9.134859e-03	1.639688e+02	8.147316e+02	1.061628e+03	9.460082e+01	8.250498e-04	2.400327e+00	1.115075e+00
9.134859e-03	1.639688e+02	8.528994e+02	1.042093e+03	9.460082e+01	8.250498e-04	2.400327e+00	1.115075e+00
9.134859e-03	1.639688e+02	8.528994e+02	1.061628e+03	9.862378e+01	8.250498e-04	2.400327e+00	1.115075e+00
9.134859e-03	1.639688e+02	8.528994e+02	1.061628e+03	9.460082e+01	6.115494e-04	2.400327e+00	1.115075e+00
9.134859e-03	1.639688e+02	8.528994e+02	1.061628e+03	9.460082e+01	8.250498e-04	1.031350e-01	1.115075e+00
9.134859e-03	1.639688e+02	8.528994e+02	1.061628e+03	9.460082e+01	8.250498e-04	2.400327e+00	1.430334e+00
9.134859e-03	1.639688e+02	8.528994e+02	1.061628e+03	9.460082e+01	8.250498e-04	2.400327e+00	1.115075e+00
6.205602e-03	1.638253e+02	2.836353e+02	7.627187e+02	4.573402e+01	3.253804e-04	2.696708e+00	3.492580e+00
6.205602e-03	1.638253e+02	1.561943e+02	7.627187e+02	4.573402e+01	3.253804e-04	2.696708e+00	3.492580e+00
6.205602e-03	1.638253e+02	2.836353e+02	8.027375e+02	4.573402e+01	3.253804e-04	2.696708e+00	3.492580e+00
6.205602e-03	1.638253e+02	2.836353e+02	7.627187e+02	4.016959e+01	3.253804e-04	2.696708e+00	3.492580e+00
6.205602e-03	1.638253e+02	2.836353e+02	7.627187e+02	4.573402e+01	3.898153e-04	2.696708e+00	3.492580e+00
6.205602e-03	1.638253e+02	2.836353e+02	7.627187e+02	4.573402e+01	3.253804e-04	5.218683e-02	3.492580e+00
6.205602e-03	1.638253e+02	2.836353e+02	7.627187e+02	4.573402e+01	3.253804e-04	2.696708e+00	2.473073e+00
6.205602e-03	1.638253e+02	2.836353e+02	8.027375e+02	4.016959e+01	3.898153e-04	5.218683e-02	2.473073e+00
6.205602e-03	1.638253e+02	1.561943e+02	7.627187e+02	4.016959e+01	3.898153e-04	5.218683e-02	2.473073e+00
6.205602e-03	1.638253e+02	1.561943e+02	8.027375e+02	4.573402e+01	3.898153e-04	5.218683e-02	2.473073e+00
6.205602e-03	1.638253e+02	1.561943e+02	8.027375e+02	4.016959e+01	3.253804e-04	5.218683e-02	2.473073e+00
6.205602e-03	1.638253e+02	1.561943e+02	8.027375e+02	4.016959e+01	3.898153e-04	2.696708e+00	2.473073e+00
6.205602e-03	1.638253e+02	1.561943e+02	8.027375e+02	4.016959e+01	3.898153e-04	5.218683e-02	3.492580e+00
6.205602e-03	1.638253e+02	1.561943e+02	8.027375e+02	4.016959e+01	3.898153e-04	5.218683e-02	2.473073e+00
9.134859e-03	1.639688e+02	1.093305e+02	1.416114e+03	5.484412e+01	9.547763e-04	3.987264e+00	2.960310e+00
9.134859e-03	1.639688e+02	6.231901e+02	1.416114e+03	5.484412e+01	9.547763e-04	3.987264e+00	2.960310e+00
9.134859e-03	1.639688e+02	1.093305e+02	5.736569e+02	5.484412e+01	9.547763e-04	3.987264e+00	2.960310e+00
9.134859e-03	1.639688e+02	1.093305e+02	1.416114e+03	2.950371e+00	9.547763e-04	3.987264e+00	2.960310e+00
6.205602e-03	1.638253e+02	1.093305e+02	1.416114e+03	5.484412e+01	2.290507e-04	3.987264e+00	2.960310e+00
9.134859e-03	1.639688e+02	1.093305e+02	1.416114e+03	5.484412e+01	9.547763e-04	1.247489e+00	2.960310e+00
9.134859e-03	1.639688e+02	1.093305e+02	1.416114e+03	5.484412e+01	9.547763e-04	3.987264e+00	3.366883e+00
6.205602e-03	1.638253e+02	1.093305e+02	5.736569e+02	2.950371e+00	2.290507e-04	1.247489e+00	3.366883e+00
6.205602e-03	1.638253e+02	6.231901e+02	1.416114e+03	2.950371e+00	2.290507e-04	1.247489e+00	3.366883e+00
6.205602e-03	1.638253e+02	6.231901e+02	5.736569e+02	5.484412e+01	2.290507e-04	1.247489e+00	3.366883e+00
9.134859e-03	1.639688e+02	6.231901e+02	5.736569e+02	2.950371e+00	9.547763e-04	1.247489e+00	3.366883e+00
6.205602e-03	1.638253e+02	6.231901e+02	5.736569e+02	2.950371e+00	2.290507e-04	3.987264e+00	3.366883e+00
6.205602e-03	1.638253e+02	6.231901e+02	5.736569e+02	2.950371e+00	2.290507e-04	1.247489e+00	2.960310e+00
6.205602e-03	1.638253e+02	6.231901e+02	5.736569e+02	2.950371e+00	2.290507e-04	1.247489e+00	3.366883e+00
6.205602e-03	1.638253e+02	5.128460e+02	6.367413e+02	2.069276e+00	2.312938e-04	1.361480e+00	9.000727e-01
6.205602e-03	1.638253e+02	3.872351e+02	6.367413e+02	2.069276e+00	2.312938e-04	1.361480e+00	9.000727e-01
6.205602e-03	1.638253e+02	5.128460e+02	1.314907e+03	2.069276e+00	2.312938e-04	1.361480e+00	9.000727e-01
6.205602e-03	1.638253e+02	5.128460e+02	6.367413e+02	5.764983e+01	2.312938e-04	1.361480e+00	9.000727e-01
9.134859e-03	1.639688e+02	5.128460e+02	6.367413e+02	2.069276e+00	5.433099e-04	1.361480e+00	9.000727e-01
6.205602e-03	1.638253e+02	5.128460e+02	6.367413e+02	2.069276e+00	2.312938e-04	3.322772e+00	9.000727e-01
6.205602e-03	1.638253e+02	5.128460e+02	6.367413e+02	2.069276e+00	2.312938e-04	1.361480e+00	2.525537e-01
9.134859e-03	1.639688e+02	5.128460e+02	1.314907e+03	5.764983e+01	5.433099e-04	3.322772e+00	2.525537e-01
9.134859e-03	1.639688e+02	3.872351e+02	6.367413e+02	5.764983e+01	5.433099e-04	3.322772e+00	2.525537e-01
9.134859e-03	1.639688e+02	3.872351e+02	1.314907e+03	2.069276e+00	5.433099e-04	3.322772e+00	2.525537e-01
6.205602e-03	1.638253e+02	3.872351e+02	1.314907e+03	5.764983e+01	2.312938e-04	3.322772e+00	2.525537e-01
9.134859e-03	1.639688e+02	3.872351e+02	1.314907e+03	5.764983e+01	5.433099e-04	1.361480e+00	2.525537e-01
9.134859e-03	1.639688e+02	3.872351e+02	1.314907e+03	5.764983e+01	5.433099e-04	3.322772e+00	9.000727e-01
9.134859e-03	1.639688e+02	3.872351e+02	1.314907e+03	5.764983e+01	5.433099e-04	3.322772e+00	2.525537e-01
1.006805e-01	1.684545e+02	6.984536e+02	1.268343e+03	2.867234e+01	6.768235e-05	1.822323e+00	1.525325e+00
1.006805e-01	1.684545e+02	6.793609e+02	1.268343e+03	2.867234e+01	6.768235e-05	1.822323e+00	1.525325e+00
1.006805e-01	1.684545e+02	6.984536e+02	7.027957e+02	2.867234e+01	6.768235e-05	1.822323e+00	1.525325e+00
1.006805e-01	1.684545e+02	6.984536e+02	1.268343e+03	2.478444e+01	6.768235e-05	1.822323e+00	1.525325e+00
6.205602e-03	1.638253e+02	6.984536e+02	1.268343e+03	2.867234e+01	3.700726e-04	1.822323e+00	1.525325e+00
1.006805e-01	1.684545e+02	6.984536e+02	1.268343e+03	2.867234e+01	6.768235e-05	1.993497e+00	1.525325e+00
1.006805e-01	1.684545e+02	6.984536e+02	1.268343e+03	2.867234e+01	6.768235e-05	1.822323e+00	8.463822e-01
6.205602e-03	1.638253e+02	6.984536e+02	7.027957e+02	2.478444e+01	3.700726e-04	1.993497e+00	8.463822e-01
6.205602e-03	1.638253e+02	6.793609e+02	1.268343e+03	2.478444e+01	3.700726e-04	1.993497e+00	8.463822e-01
6.205602e-03	1.638253e+02	6.793609e+02	7.027957e+02	2.867234e+01	3.700726e-04	1.993497e+00	8.463822e-01
1.006805e-01	1.684545e+02	6.793609e+02	7.027957e+02	2.478444e+01	6.768235e-05	1.993497e+00	8.463822e-01
6.205602e-03	1.638253e+02	6.793609e+02	7.027957e+02	2.478444e+01	3.700726e-04	1.822323e+00	8.463822e-01
6.205602e-03	1.638253e+02	6.793609e+02	7.027957e+02	2.478444e+01	3.700726e-04	1.993497e+00	1.525325e+00
6.205602e-03	1.638253e+02	6.793609e+02	7.027957e+02	2.478444e+01	3.700726e-04	1.993497e+00	8.463822e-01
9.134859e-03	1.639688e+02	1.661388e+02	5.515908e+02	7.509261e+01	8.692198e-04	3.468095e+00	3.585620e+00
9.134859e-03	1.639688e+02	3.145990e+02	5.515908e+02	7.509261e+01	8.692198e-04	3.468095e+00	3.585620e+00
9.134859e-03	1.639688e+02	1.661388e+02	1.444039e+03	7.509261e+01	8.692198e-04	3.468095e+00	3.585620e+00
9.134859e-03	1.639688e+02	1.661388e+02	5.515908e+02	6.708216e+01	8.692198e-04	3.468095e+00	3.585620e+00
9.134859e-03	1.639688e+02	1.661388e+02	5.515908e+02	7.509261e+01	9.301825e-04	3.468095e+00	3.585620e+00
9.134859e-03	1.639688e+02	1.661388e+02	5.515908e+02	7.509261e+01	8.692198e-04	3.573982e+00	3.585620e+00
9.134859e-03	1.639688e+02	1.661388e+02	5.515908e+02	7.509261e+01	8.692198e-04	3.468095e+00	3.708210e+00
9.134859e-03	1.639688e+02	1.661388e+02	1.444039e+03	6.708216e+01	9.301825e-04	3.573982e+00	3.708210e+00
9.134859e-03	1.639688e+02	3.145990e+02	5.515908e+02	6.708216e+01	9.301825e-04	3.573982e+00	3.708210e+00
9.134859e-03	1.639688e+02	3.145990e+02	1.444039e+03	7.509261e+01	9.301825e-04	3.573982e+00	3.708210e+00
9.134859e-03	1.639688e+02	3.145990e+02	1.444039e+03	6.708216e+01	8.692198e-04	3.573982e+00	3.708210e+00
9.134859e-03	1.639688e+02	3.145990e+02	1.444039e+03	6.708216e+01	9.301825e-04	3.468095e+00	3.708210e+00
9.134859e-03	1.639688e+02	3.145990e+02	1.444039e+03	6.708216e+01	9.301825e-04	3.573982e+00	3.585620e+00
9.134859e-03	1.639688e+02	3.145990e+02	1.444039e+03	6.708216e+01	9.301825e-04	3.573982e+00	3.708210e+00
9.134859e-03	1.639688e+02	4.770657e+02	1.144332e+03	2.245265e+01	4.733396e-04	2.232028e+00	2.119175e+00
9.134859e-03	1.639688e+02	9.098924e+02	1.144332e+03	2.245265e+01	4.733396e-04	2.232028e+00	2.119175e+00
9.134859e-03	1.639688e+02	4.770657e+02	1.183466e+03	2.245265e+01	4.733396e-04	2.232028e+00	2.119175e+00
9.134859e-03	1.639688e+02	4.770657e+02	1.144332e+03	7.896024e+01	4.733396e-04	2.232028e+00	2.119175e+00
9.134859e-03	1.639688e+02	4.770657e+02	1.144332e+03	2.245265e+01	7.181968e-04	2.232028e+00	2.119175e+00
9.134859e-03	1.639688e+02	4.770657e+02	1.144332e+03	2.245265e+01	4.733396e-04	2.651550e+00	2.119175e+00
9.134859e-03	1.639688e+02	4.770657e+02	1.144332e+03	2.245265e+01	4.733396e-04	2.232028e+00	2.568912e+00
9.134859e-03	1.639688e+02	4.770657e+02	1.183466e+03	7.896024e+01	7.181968e-04	2.651550e+00	2.568912e+00
9.134859e-03	1.639688e+02	9.098924e+02	1.144332e+03	7.896024e+01	7.181968e-04	2.651550e+00	2.568912e+00
9.134859e-03	1.639688e+02	9.098924e+02	1.183466e+03	2.245265e+01	7.181968e-04	2.651550e+00	2.568912e+00
9.134859e-03	1.639688e+02	9.098924e+02	1.183466e+03	7.896024e+01	4.733396e-04	2.651550e+00	2.568912e+00
9.134859e-03	1.639688e+02	9.098924e+02	1.183466e+03	7.896024e+01	7.181968e-04	2.232028e+00	2.568912e+00
9.134859e-03	1.639688e+02	9.098924e+02	1.183466e+03	7.896024e+01	7.181968e-04	2.651550e+00	2.119175e+00
9.134859e-03	1.639688e+02	9.098924e+02	1.183466e+03	7.896024e+01	7.181968e-04	2.651550e+00	2.568912e+00
9.134859e-03	1.639688e+02	8.793608e+02	9.275816e+02	6.880672e+01	7.127028e-04	6.183453e-01	5.699347e-02
9.134859e-03	1.639688e+02	8.443958e+01	9.275816e+02	6.880672e+01	7.127028e-04	6.183453e-01	5.699347e-02
9.134859e-03	1.639688e+02	8.793608e+02	9.245826e+02	6.880672e+01	7.127028e-04	6.183453e-01	5.699347e-02
9.134859e-03	1.639688e+02	8.793608e+02	9.275816e+02	3.712596e+01	7.127028e-04	6.183453e-01	5.699347e-02
1.006805e-01	1.684545e+02	8.793608e+02	9.275816e+02	6.880672e+01	2.931265e-05	6.183453e-01	5.699347e-02
9.134859e-03	1.639688e+02	8.793608e+02	9.275816e+02	6.880672e+01	7.127028e-04	7.981973e-01	5.699347e-02
9.134859e-03	1.639688e+02	8.793608e+02	9.275816e+02	6.880672e+01	7.127028e-04	6.183453e-01	1.954391e+00
1.006805e-01	1.684545e+02	8.793608e+02	9.245826e+02	3.712596e+01	2.931265e-05	7.981973e-01	1.954391e+00
1.006805e-01	1.684545e+02	8.443958e+01	9.275816e+02	3.712596e+01	2.931265e-05	7.981973e-01	1.954391e+00
1.006805e-01	1.684545e+02	8.443958e+01	9.245826e+02	6.880672e+01	2.931265e-05	7.981973e-01	1.954391e+00
9.134859e-03	1.639688e+02	8.443958e+01	9.245826e+02	3.712596e+01	7.127028e-04	7.981973e-01	1.954391e+00
1.006805e-01	1.684545e+02	8.443958e+01	9.245826e+02	3.712596e+01	2.931265e-05	6.183453e-01	1.954391e+00
1.006805e-01	1.684545e+02	8.443958e+01	9.245826e+02	3.712596e+01	2.931265e-05	7.981973e-01	5.699347e-02
1.006805e-01	1.684545e+02	8.443958e+01	9.245826e+02	3.712596e+01	2.931265e-05	7.981973e-01	1.954391e+00
9.134859e-03	1.639688e+02	9.995093e+02	1.488365e+03	1.659669e+01	7.606116e-04	2.944303e+00	6.698799e-01
9.134859e-03	1.639688e+02	7.073344e+02	1.488365e+03	1.659669e+01	7.606116e-04	2.944303e+00	6.698799e-01
9.134859e-03	1.639688e+02	9.995093e+02	6.781574e+02	1.659669e+01	7.606116e-04	2.944303e+00	6.698799e-01
9.134859e-03	1.639688e+02	9.995093e+02	1.488365e+03	1.528287e+01	7.606116e-04	2.944303e+00	6.698799e-01
9.134859e-03	1.639688e+02	9.995093e+02	1.488365e+03	1.659669e+01	6.193047e-04	2.944303e+00	6.698799e-01
9.134859e-03	1.639688e+02	9.995093e+02	1.488365e+03	1.659669e+01	7.606116e-04	5.213459e-01	6.698799e-01
9.134859e-03	1.639688e+02	9.995093e+02	1.488365e+03	1.659669e+01	7.606116e-04	2.944303e+00	1.260717e+00
9.134859e-03	1.639688e+02	9.995093e+02	6.781574e+02	1.528287e+01	6.193047e-04	5.213459e-01	1.260717e+00
9.134859e-03	1.639688e+02	7.073344e+02	1.488365e+03	1.528287e+01	6.193047e-04	5.213459e-01	1.260717e+00
9.134859e-03	1.639688e+02	7.073344e+02	6.781574e+02	1.659669e+01	6.193047e-04	5.213459e-01	1.260717e+00
9.134859e-03	1.639688e+02	7.073344e+02	6.781574e+02	1.528287e+01	7.606116e-04	5.213459e-01	1.260717e+00
9.134859e-03	1.639688e+02	7.073344e+02	6.781574e+02	1.528287e+01	6.193047e-04	2.944303e+00	1.260717e+00
9.134859e-03	1.639688e+02	7.073344e+02	6.781574e+02	1.528287e+01	6.193047e-04	5.213459e-01	6.698799e-01
9.134859e-03	1.639688e+02	7.073344e+02	6.781574e+02	1.528287e+01	6.193047e-04	5.213459e-01	1.260717e+00
1.006805e-01	1.684545e+02	4.037419e+02	7.051176e+02	6.373066e+01	5.486066e-05	3.507571e-01	2.722324e+00
1.006805e-01	1.684545e+02	2.840668e+02	7.051176e+02	6.373066e+01	5.486066e-05	3.507571e-01	2.722324e+00
1.006805e-01	1.684545e+02	4.037419e+02	1.436971e+03	6.373066e+01	5.486066e-05	3.507571e-01	2.722324e+00
1.006805e-01	1.684545e+02	4.037419e+02	7.051176e+02	7.030027e+01	5.486066e-05	3.507571e-01	2.722324e+00
5.780942e-02	1.663539e+02	4.037419e+02	7.051176e+02	6.373066e+01	1.843166e-04	3.507571e-01	2.722324e+00
1.006805e-01	1.684545e+02	4.037419e+02	7.051176e+02	6.373066e+01	5.486066e-05	2.926963e+00	2.722324e+00
1.006805e-01	1.684545e+02	4.037419e+02	7.051176e+02	6.373066e+01	5.486066e-05	3.507571e-01	2.142468e+00
5.780942e-02	1.663539e+02	4.037419e+02	1.436971e+03	7.030027e+01	1.843166e-04	2.926963e+00	2.142468e+00
5.780942e-02	1.663539e+02	2.840668e+02	7.051176e+02	7.030027e+01	1.843166e-04	2.926963e+00	2.142468e+00
5.780942e-02	1.663539e+02	2.840668e+02	1.436971e+03	6.373066e+01	1.843166e-04	2.926963e+00	2.142468e+00
1.006805e-01	1.684545e+02	2.840668e+02	1.436971e+03	7.030027e+01	5.486066e-05	2.926963e+00	2.142468e+00
5.780942e-02	1.663539e+02	2.840668e+02	1.436971e+03	7.030027e+01	1.843166e-04	3.507571e-01	2.142468e+00
5.780942e-02	1.663539e+02	2.840668e+02	1.436971e+03	7.030027e+01	1.843166e-04	2.926963e+00	2.722324e+00
5.780942e-02	1.663539e+02	2.840668e+02	1.436971e+03	7.030027e+01	1.843166e-04	2.926963e+00	2.142468e+00
9.134859e-03	1.639688e+02	2.062913e+02	1.114341e+03	3.530916e+01	6.672638e-04	1.109991e+00	3.193217e+00
9.134859e-03	1.639688e+02	9.385071e+02	1.114341e+03	3.530916e+01	6.672638e-04	1.109991e+00	3.193217e+00
9.134859e-03	1.639688e+02	2.062913e+02	1.189549e+03	3.530916e+01	6.672638e-04	1.109991e+00	3.193217e+00
9.134859e-03	1.639688e+02	2.062913e+02	1.114341e+03	8.214156e+01	6.672638e-04	1.109991e+00	3.193217e+00
9.134859e-03	1.639688e+02	2.062913e+02	1.114341e+03	3.530916e+01	4.660386e-04	1.109991e+00	3.193217e+00
9.134859e-03	1.639688e+02	2.062913e+02	1.114341e+03	3.530916e+01	6.672638e-04	3.859145e+00	3.193217e+00
9.134859e-03	1.639688e+02	2.062913e+02	1.114341e+03	3.530916e+01	6.672638e-04	1.109991e+00	3.029346e+00
9.134859e-03	1.639688e+02	2.062913e+02	1.189549e+03	8.214156e+01	4.660386e-04	3.859145e+00	3.029346e+00
9.134859e-03	1.639688e+02	9.385071e+02	1.114341e+03	8.214156e+01	4.660386e-04	3.859145e+00	3.029346e+00
9.134859e-03	1.639688e+02	9.385071e+02	1.189549e+03	3.530916e+01	4.660386e-04	3.859145e+00	3.029346e+00
9.134859e-03	1.639688e+02	9.385071e+02	1.189549e+03	8.214156e+01	6.672638e-04	3.859145e+00	3.029346e+00
9.134859e-03	1.639688e+02	9.385071e+02	1.189549e+03	8.214156e+01	4.660386e-04	1.109991e+00	3.029346e+00
9.134859e-03	1.639688e+02	9.385071e+02	1.189549e+03	8.214156e+01	4.660386e-04	3.859145e+00	3.193217e+00
9.134859e-03	1.639688e+02	9.385071e+02	1.189549e+03	8.214156e+01	4.660386e-04	3.859145e+00	3.029346e+00
6.205602e-03	1.638253e+02	6.739140e+02	8.310913e+02	8.251124e+01	3.983243e-04	3.735740e+00	1.138763e+00
6.205602e-03	1.638253e+02	5.448947e+01	8.310913e+02	8.251124e+01	3.983243e-04	3.735740e+00	1.138763e+00
6.205602e-03	1.638253e+02	6.739140e+02	9.482518e+02	8.251124e+01	3.983243e-04	3.735740e+00	1.138763e+00
6.205602e-03	1.638253e+02	6.739140e+02	8.310913e+02	2.763678e+01	3.983243e-04	3.735740e+00	1.138763e+00
9.134859e-03	1.639688e+02	6.739140e+02	8.310913e+02	8.251124e+01	7.800566e-04	3.735740e+00	1.138763e+00
6.205602e-03	1.638253e+02	6.739140e+02	8.310913e+02	8.251124e+01	3.983243e-04	1.710807e+00	1.138763e+00
6.205602e-03	1.638253e+02	6.739140e+02	8.310913e+02	8.251124e+01	3.983243e-04	3.735740e+00	4.048859e-01
9.134859e-03	1.639688e+02	6.739140e+02	9.482518e+02	2.763678e+01	7.800566e-04	1.710807e+00	4.048859e-01
9.134859e-03	1.639688e+02	5.448947e+01	8.310913e+02	2.763678e+01	7.800566e-04	1.710807e+00	4.048859e-01
9.134859e-03	1.639688e+02	5.448947e+01	9.482518e+02	8.251124e+01	7.800566e-04	1.710807e+00	4.048859e-01
6.205602e-03	1.638253e+02	5.448947e+01	9.482518e+02	2.763678e+01	3.983243e-04	1.710807e+00	4.048859e-01
9.134859e-03	1.639688e+02	5.448947e+01	9.482518e+02	2.763678e+01	7.800566e-04	3.735740e+00	4.048859e-01
9.134859e-03	1.639688e+02	5.448947e+01	9.482518e+02	2.763678e+01	7.800566e-04	1.710807e+00	1.138763e+00
9.134859e-03	1.639688e+02	5.448947e+01	9.482518e+02	2.763678e+01	7.800566e-04	1.710807e+00	4.048859e-01
6.205602e-03	1.638253e+02	6.171399e+02	1.200943e+03	6.226179e+01	3.122843e-04	3.220347e+00	2.641732e-01
6.205602e-03	1.638253e+02	7.603839e+02	1.200943e+03	6.226179e+01	3.122843e-04	3.220347e+00	2.641732e-01
6.205602e-03	1.638253e+02	6.171399e+02	1.069199e+03	6.226179e+01	3.122843e-04	3.220347e+00	2.641732e-01
6.205602e-03	1.638253e+02	6.171399e+02	1.200943e+03	9.159014e+01	3.122843e-04	3.220347e+00	2.641732e-01
1.006805e-01	1.684545e+02	6.171399e+02	1.200943e+03	6.226179e+01	7.820821e-05	3.220347e+00	2.641732e-01
6.205602e-03	1.638253e+02	6.171399e+02	1.200943e+03	6.226179e+01	3.122843e-04	3.108719e+00	2.641732e-01
6.205602e-03	1.638253e+02	6.171399e+02	1.200943e+03	6.226179e+01	3.122843e-04	3.220347e+00	5.623464e-01
1.006805e-01	1.684545e+02	6.171399e+02	1.069199e+03	9.159014e+01	7.820821e-05	3.108719e+00	5.623464e-01
1.006805e-01	1.684545e+02	7.603839e+02	1.200943e+03	9.159014e+01	7.820821e-05	3.108719e+00	5.623464e-01
1.006805e-01	1.684545e+02	7.603839e+02	1.069199e+03	6.226179e+01	7.820821e-05	3.108719e+00	5.623464e-01
6.205602e-03	1.638253e+02	7.603839e+02	1.069199e+03	9.159014e+01	3.122843e-04	3.108719e+00	5.623464e-01
1.006805e-01	1.684545e+02	7.603839e+02	1.069199e+03	9.159014e+01	7.820821e-05	3.220347e+00	5.623464e-01
1.006805e-01	1.684545e+02	7.603839e+02	1.069199e+03	9.159014e+01	7.820821e-05	3.108719e+00	2.641732e-01
1.006805e-01	1.684545e+02	7.603839e+02	1.069199e+03	9.159014e+01	7.820821e-05	3.108719e+00	5.623464e-01
9.134859e-03	1.639688e+02	2.064177e+01	9.803173e+02	8.707039e+00	5.031545e-04	1.574610e+00	2.318562e+00
9.134859e-03	1.639688e+02	2.471185e+02	9.803173e+02	8.707039e+00	5.031545e-04	1.574610e+00	2.318562e+00
9.134859e-03	1.639688e+02	2.064177e+01	8.279099e+02	8.707039e+00	5.031545e-04	1.574610e+00	2.318562e+00
9.134859e-03	1.639688e+02	2.064177e+01	9.803173e+02	4.948816e+01	5.031545e-04	1.574610e+00	2.318562e+00
9.134859e-03	1.639688e+02	2.064177e+01	9.803173e+02	8.707039e+00	6.380710e-04	1.574610e+00	2.318562e+00
9.134859e-03	1.639688e+02	2.064177e+01	9.803173e+02	8.707039e+00	5.031545e-04	1.462964e+00	2.318562e+00
9.134859e-03	1.639688e+02	2.064177e+01	9.803173e+02	8.707039e+00	5.031545e-04	1.574610e+00	3.931729e+00
9.134859e-03	1.639688e+02	2.064177e+01	8.279099e+02	4.948816e+01	6.380710e-04	1.462964e+00	3.931729e+00
9.134859e-03	1.639688e+02	2.471185e+02	9.803173e+02	4.948816e+01	6.380710e-04	1.462964e+00	3.931729e+00
9.134859e-03	1.639688e+02	2.471185e+02	8.279099e+02	8.707039e+00	6.380710e-04	1.462964e+00	3.931729e+00
9.134859e-03	1.639688e+02	2.471185e+02	8.279099e+02	4.948816e+01	5.031545e-04	1.462964e+00	3.931729e+00
9.134859e-03	1.639688e+02	2.471185e+02	8.279099e+02	4.948816e+01	6.380710e-04	1.574610e+00	3.931729e+00
9.134859e-03	1.639688e+02	2.471185e+02	8.279099e+02	4.948816e+01	6.380710e-04	1.462964e+00	2.318562e+00
9.134859e-03	1.639688e+02	2.471185e+02	8.279099e+02	4.948816e+01	6.380710e-04	1.462964e+00	3.931729e+00
5.780942e-02	1.663539e+02	3.391546e+02	1.324981e+03	9.354869e+01	1.564919e-04	8.699868e-01	3.846383e+00
5.780942e-02	1.663539e+02	5.303403e+02	1.324981e+03	9.354869e+01	1.564919e-04	8.699868e-01	3.846383e+00
5.780942e-02	1.663539e+02	3.391546e+02	5.494842e+02	9.354869e+01	1.564919e-04	8.699868e-01	3.846383e+00
5.780942e-02	1.663539e+02	3.391546e+02	1.324981e+03	1.223215e+01	1.564919e-04	8.699868e-01	3.846383e+00
9.134859e-03	1.639688e+02	3.391546e+02	1.324981e+03	9.354869e+01	9.788188e-04	8.699868e-01	3.846383e+00
5.780942e-02	1.663539e+02	3.391546e+02	1.324981e+03	9.354869e+01	1.564919e-04	2.735131e-01	3.846383e+00
5.780942e-02	1.663539e+02	3.391546e+02	1.324981e+03	9.354869e+01	1.564919e-04	8.699868e-01	2.799379e+00
9.134859e-03	1.639688e+02	3.391546e+02	5.494842e+02	1.223215e+01	9.788188e-04	2.735131e-01	2.799379e+00
9.134859e-03	1.639688e+02	5.303403e+02	1.324981e+03	1.223215e+01	9.788188e-04	2.735131e-01	2.799379e+00
9.134859e-03	1.639688e+02	5.303403e+02	5.494842e+02	9.354869e+01	9.788188e-04	2.735131e-01	2.799379e+00
5.780942e-02	1.663539e+02	5.303403e+02	5.494842e+02	1.223215e+01	1.564919e-04	2.735131e-01	2.799379e+00
9.134859e-03	1.639688e+02	5.303403e+02	5.494842e+02	1.223215e+01	9.788188e-04	8.699868e-01	2.799379e+00
9.134859e-03	1.639688e+02	5.303403e+02	5.494842e+02	1.223215e+01	9.788188e-04	2.735131e-01	3.846383e+00
9.134859e-03	1.639688e+02	5.303403e+02	5.494842e+02	1.223215e+01	9.788188e-04	2.735131e-01	2.799379e+00
9.134859e-03	1.639688e+02	8.060446e+02	6.043530e+02	3.987711e+01	9.090628e-04	2.483643e+00	1.793882e+00
9.134859e-03	1.639688e+02	4.777657e+02	6.043530e+02	3.987711e+01	9.090628e-04	2.483643e+00	1.793882e+00
9.134859e-03	1.639688e+02	8.060446e+02	1.308290e+03	3.987711e+01	9.090628e-04	2.483643e+00	1.793882e+00
9.134859e-03	1.639688e+02	8.060446e+02	6.043530e+02	5.465154e+01	9.090628e-04	2.483643e+00	1.793882e+00
6.205602e-03	1.638253e+02	8.060446e+02	6.043530e+02	3.987711e+01	2.901756e-04	2.483643e+00	1.793882e+00
9.134859e-03	1.639688e+02	8.060446e+02	6.043530e+02	3.987711e+01	9.090628e-04	2.176542e+00	1.793882e+00
9.134859e-03	1.639688e+02	8.060446e+02	6.043530e+02	3.987711e+01	9.090628e-04	2.483643e+00	1.663650e+00
6.205602e-03	1.638253e+02	8.060446e+02	1.308290e+03	5.465154e+01	2.901756e-04	2.176542e+00	1.663650e+00
6.205602e-03	1.638253e+02	4.777657e+02	6.043530e+02	5.465154e+01	2.901756e-04	2.176542e+00	1.663650e+00
6.205602e-03	1.638253e+02	4.777657e+02	1.308290e+03	3.987711e+01	2.901756e-04	2.176542e+00	1.663650e+00
9.134859e-03	1.639688e+02	4.777657e+02	1.308290e+03	5.465154e+01	9.090628e-04	2.176542e+00	1.663650e+00
6.205602e-03	1.638253e+02	4.777657e+02	1.308290e+03	5.465154e+01	2.901756e-04	2.483643e+00	1.663650e+00
6.205602e-03	1.638253e+02	4.777657e+02	1.308290e+03	5.465154e+01	2.901756e-04	2.176542e+00	1.793882e+00
6.205602e-03	1.638253e+02	4.777657e+02	1.308290e+03	5.465154e+01	2.901756e-04	2.176542e+00	1.663650e+00
1.152046e-02	1.640857e+02	7.591290e+02	1.345371e+03	6.733730e+01	4.436105e-04	1.455805e+00	2.438345e+00
1.152046e-02	1.640857e+02	1.858935e+02	1.345371e+03	6.733730e+01	4.436105e-04	1.455805e+00	2.438345e+00
1.152046e-02	1.640857e+02	7.591290e+02	5.303594e+02	6.733730e+01	4.436105e-04	1.455805e+00	2.438345e+00
1.152046e-02	1.640857e+02	7.591290e+02	1.345371e+03	7.391818e+01	4.436105e-04	1.455805e+00	2.438345e+00
9.134859e-03	1.639688e+02	7.591290e+02	1.345371e+03	6.733730e+01	8.964735e-04	1.455805e+00	2.438345e+00
1.152046e-02	1.640857e+02	7.591290e+02	1.345371e+03	6.733730e+01	4.436105e-04	2.050512e+00	2.438345e+00
1.152046e-02	1.640857e+02	7.591290e+02	1.345371e+03	6.733730e+01	4.436105e-04	1.455805e+00	9.814746e-01
9.134859e-03	1.639688e+02	7.591290e+02	5.303594e+02	7.391818e+01	8.964735e-04	2.050512e+00	9.814746e-01
9.134859e-03	1.639688e+02	1.858935e+02	1.345371e+03	7.391818e+01	8.964735e-04	2.050512e+00	9.814746e-01
9.134859e-03	1.639688e+02	1.858935e+02	5.303594e+02	6.733730e+01	8.964735e-04	2.050512e+00	9.814746e-01
1.152046e-02	1.640857e+02	1.858935e+02	5.303594e+02	7.391818e+01	4.436105e-04	2.050512e+00	9.814746e-01
9.134859e-03	1.639688e+02	1.858935e+02	5.303594e+02	7.391818e+01	8.964735e-04	1.455805e+00	9.814746e-01
9.134859e-03	1.639688e+02	1.858935e+02	5.303594e+02	7.391818e+01	8.964735e-04	2.050512e+00	2.438345e+00
9.134859e-03	1.639688e+02	1.858935e+02	5.303594e+02	7.391818e+01	8.964735e-04	2.050512e+00	9.814746e-01
9.134859e-03	1.639688e+02	3.548513e+02	5.700252e+02	1.456398e+01	7.424615e-04	3.834131e+00	5.027375e-01
9.134859e-03	1.639688e+02	8.240329e+02	5.700252e+02	1.456398e+01	7.424615e-04	3.834131e+00	5.027375e-01
9.134859e-03	1.639688e+02	3.548513e+02	1.271535e+03	1.456398e+01	7.424615e-04	3.834131e+00	5.027375e-01
9.134859e-03	1.639688e+02	3.548513e+02	5.700252e+02	1.638748e+01	7.424615e-04	3.834131e+00	5.027375e-01
6.205602e-03	1.638253e+02	3.548513e+02	5.700252e+02	1.456398e+01	3.363637e-04	3.834131e+00	5.027375e-01
9.134859e-03	1.639688e+02	3.548513e+02	5.700252e+02	1.456398e+01	7.424615e-04	3.997795e-01	5.027375e-01
9.134859e-03	1.639688e+02	3.548513e+02	5.700252e+02	1.456398e+01	7.424615e-04	3.834131e+00	3.606119e+00
6.205602e-03	1.638253e+02	3.548513e+02	1.271535e+03	1.638748e+01	3.363637e-04	3.997795e-01	3.606119e+00
6.205602e-03	1.638253e+02	8.240329e+02	5.700252e+02	1.638748e+01	3.363637e-04	3.997795e-01	3.606119e+00
6.205602e-03	1.638253e+02	8.240329e+02	1.271535e+03	1.456398e+01	3.363637e-04	3.997795e-01	3.606119e+00
9.134859e-03	1.639688e+02	8.240329e+02	1.271535e+03	1.638748e+01	7.424615e-04	3.997795e-01	3.606119e+00
6.205602e-03	1.638253e+02	8.240329e+02	1.271535e+03	1.638748e+01	3.363637e-04	3.834131e+00	3.606119e+00
6.205602e-03	1.638253e+02	8.240329e+02	1.271535e+03	1.638748e+01	3.363637e-04	3.997795e-01	5.027375e-01
6.205602e-03	1.638253e+02	8.240329e+02	1.271535e+03	1.638748e+01	3.363637e-04	3.997795e-01	3.606119e+00
1.006805e-01	1.684545e+02	3.616338e+01	1.219403e+03	8.612907e+01	1.003831e-04	2.598484e+00	1.968451e+00
1.006805e-01	1.684545e+02	4.160519e+02	1.219403e+03	8.612907e+01	1.003831e-04	2.598484e+00	1.968451e+00
1.006805e-01	1.684545e+02	3.616338e+01	1.104863e+03	8.612907e+01	1.003831e-04	2.598484e+00	1.968451e+00
1.006805e-01	1.684545e+02	3.616338e+01	1.219403e+03	2.833800e+01	1.003831e-04	2.598484e+00	1.968451e+00
1.006805e-01	1.684545e+02	3.616338e+01	1.219403e+03	8.612907e+01	4.836163e-05	2.598484e+00	1.968451e+00
1.006805e-01	1.684545e+02	3.616338e+01	1.219403e+03	8.612907e+01	1.003831e-04	1.332071e+00	1.968451e+00
1.006805e-01	1.684545e+02	3.616338e+01	1.219403e+03	8.612907e+01	1.003831e-04	2.598484e+00	2.750409e+00
1.006805e-01	1.684545e+02	3.616338e+01	1.104863e+03	2.833800e+01	4.836163e-05	1.332071e+00	2.750409e+00
1.006805e-01	1.684545e+02	4.160519e+02	1.219403e+03	2.833800e+01	4.836163e-05	1.332071e+00	2.750409e+00
1.006805e-01	1.684545e+02	4.160519e+02	1.104863e+03	8.612907e+01	4.836163e-05	1.332071e+00	2.750409e+00
1.006805e-01	1.684545e+02	4.160519e+02	1.104863e+03	2.833800e+01	1.003831e-04	1.332071e+00	2.750409e+00
1.006805e-01	1.684545e+02	4.160519e+02	1.104863e+03	2.833800e+01	4.836163e-05	2.598484e+00	2.750409e+00
1.006805e-01	1.684545e+02	4.160519e+02	1.104863e+03	2.833800e+01	4.836163e-05	1.332071e+00	1.968451e+00
1.006805e-01	1.684545e+02	4.160519e+02	1.104863e+03	2.833800e+01	4.836163e-05	1.332071e+00	2.750409e+00
9.134859e-03	1.639688e+02	5.703998e+02	9.440590e+02	3.324084e+01	8.365487e-04	2.523681e-01	3.905946e+00
9.134859e-03	1.639688e+02	5.935024e+02	9.440590e+02	3.324084e+01	8.365487e-04	2.523681e-01	3.905946e+00
9.134859e-03	1.639688e+02	5.703998e+02	8.461720e+02	3.324084e+01	8.365487e-04	2.523681e-01	3.905946e+00
9.134859e-03	1.639688e+02	5.703998e+02	9.440590e+02	8.618574e+01	8.365487e-04	2.523681e-01	3.905946e+00
9.134859e-03	1.639688e+02	5.703998e+02	9.440590e+02	3.324084e+01	7.372456e-04	2.523681e-01	3.905946e+00
9.134859e-03	1.639688e+02	5.703998e+02	9.440590e+02	3.324084e+01	8.365487e-04	3.239864e+00	3.905946e+00
9.134859e-03	1.639688e+02	5.703998e+02	9.440590e+02	3.324084e+01	8.365487e-04	2.523681e-01	1.868476e+00
9.134859e-03	1.639688e+02	5.703998e+02	8.461720e+02	8.618574e+01	7.372456e-04	3.239864e+00	1.868476e+00
9.134859e-03	1.639688e+02	5.935024e+02	9.440590e+02	8.618574e+01	7.372456e-04	3.239864e+00	1.868476e+00
9.134859e-03	1.639688e+02	5.935024e+02	8.461720e+02	3.324084e+01	7.372456e-04	3.239864e+00	1.868476e+00
9.134859e-03	1.639688e+02	5.935024e+02	8.461720e+02	8.618574e+01	8.365487e-04	3.239864e+00	1.868476e+00
9.134859e-03	1.639688e+02	5.935024e+02	8.461720e+02	8.618574e+01	7.372456e-04	2.523681e-01	1.868476e+00
9.134859e-03	1.639688e+02	5.935024e+02	8.461720e+02	8.618574e+01	7.372456e-04	3.239864e+00	3.905946e+00
9.134859e-03	1.639688e+02	5.935024e+02	8.461720e+02	8.618574e+01	7.372456e-04	3.239864e+00	1.868476e+00
9.134859e-03	1.639688e+02	6.272415e+02	1.086406e+03	9.959474e+00	9.845207e-04	7.189952e-01	2.532359e+00
9.134859e-03	1.639688e+02	3.482043e+02	1.086406e+03	9.959474e+00	9.845207e-04	7.189952e-01	2.532359e+00
9.134859e-03	1.639688e+02	6.272415e+02	1.234025e+03	9.959474e+00	9.845207e-04	7.189952e-01	2.532359e+00
9.134859e-03	1.639688e+02	6.272415e+02	1.086406e+03	4.388140e+01	9.845207e-04	7.189952e-01	2.532359e+00
6.205602e-03	1.638253e+02	6.272415e+02	1.086406e+03	9.959474e+00	4.097897e-04	7.189952e-01	2.532359e+00
9.134859e-03	1.639688e+02	6.272415e+02	1.086406e+03	9.959474e+00	9.845207e-04	1.583557e+00	2.532359e+00
9.134859e-03	1.639688e+02	6.272415e+02	1.086406e+03	9.959474e+00	9.845207e-04	7.189952e-01	1.211807e+00
6.205602e-03	1.638253e+02	6.272415e+02	1.234025e+03	4.388140e+01	4.097897e-04	1.583557e+00	1.211807e+00
6.205602e-03	1.638253e+02	3.482043e+02	1.086406e+03	4.388140e+01	4.097897e-04	1.583557e+00	1.211807e+00
6.205602e-03	1.638253e+02	3.482043e+02	1.234025e+03	9.959474e+00	4.097897e-04	1.583557e+00	1.211807e+00
9.134859e-03	1.639688e+02	3.482043e+02	1.234025e+03	4.388140e+01	9.845207e-04	1.583557e+00	1.211807e+00
6.205602e-03	1.638253e+02	3.482043e+02	1.234025e+03	4.388140e+01	4.097897e-04	7.189952e-01	1.211807e+00
6.205602e-03	1.638253e+02	3.482043e+02	1.234025e+03	4.388140e+01	4.097897e-04	1.583557e+00	2.532359e+00
6.205602e-03	1.638253e+02	3.482043e+02	1.234025e+03	4.388140e+01	4.097897e-04	1.583557e+00	1.211807e+00
5.780942e-02	1.663539e+02	2.217453e+02	8.734387e+02	5.631201e+01	2.015199e-04	2.081324e+00	5.948000e-01
5.780942e-02	1.663539e+02	6.465960e+02	8.734387e+02	5.631201e+01	2.015199e-04	2.081324e+00	5.948000e-01
5.780942e-02	1.663539e+02	2.217453e+02	9.753416e+02	5.631201e+01	2.015199e-04	2.081324e+00	5.948000e-01
5.780942e-02	1.663539e+02	2.217453e+02	8.734387e+02	8.932653e+01	2.015199e-04	2.081324e+00	5.948000e-01
9.134859e-03	1.639688e+02	2.217453e+02	8.734387e+02	5.631201e+01	8.450243e-04	2.081324e+00	5.948000e-01
5.780942e-02	1.663539e+02	2.217453e+02	8.734387e+02	5.631201e+01	2.015199e-04	3.986145e+00	5.948000e-01
5.780942e-02	1.663539e+02	2.217453e+02	8.734387e+02	5.631201e+01	2.015199e-04	2.081324e+00	2.347234e+00
9.134859e-03	1.639688e+02	2.217453e+02	9.753416e+02	8.932653e+01	8.450243e-04	3.986145e+00	2.347234e+00
9.134859e-03	1.639688e+02	6.465960e+02	8.734387e+02	8.932653e+01	8.450243e-04	3.986145e+00	2.347234e+00
9.134859e-03	1.639688e+02	6.465960e+02	9.753416e+02	5.631201e+01	8.450243e-04	3.986145e+00	2.347234e+00
5.780942e-02	1.663539e+02	6.465960e+02	9.753416e+02	8.932653e+01	2.015199e-04	3.986145e+00	2.347234e+00
9.134859e-03	1.639688e+02	6.465960e+02	9.753416e+02	8.932653e+01	8.450243e-04	2.081324e+00	2.347234e+00
9.134859e-03	1.639688e+02	6.465960e+02	9.753416e+02	8.932653e+01	8.450243e-04	3.986145e+00	5.948000e-01
9.134859e-03	1.639688e+02	6.465960e+02	9.753416e+02	8.932653e+01	8.450243e-04	3.986145e+00	2.347234e+00
9.134859e-03	1.639688e+02	4.195081e+02	1.462376e+03	4.116704e+01	5.788639e-04	3.371341e+00	1.128287e+00
9.134859e-03	1.639688e+02	1.171627e+02	1.462376e+03	4.116704e+01	5.788639e-04	3.371341e+00	1.128287e+00
9.134859e-03	1.639688e+02	4.195081e+02	6.521743e+02	4.116704e+01	5.788639e-04	3.371341e+00	1.128287e+00
9.134859e-03	1.639688e+02	4.195081e+02	1.462376e+03	5.198607e+01	5.788639e-04	3.371341e+00	1.128287e+00
9.134859e-03	1.639688e+02	4.195081e+02	1.462376e+03	4.116704e+01	5.067767e-04	3.371341e+00	1.128287e+00
9.134859e-03	1.639688e+02	4.195081e+02	1.462376e+03	4.116704e+01	5.788639e-04	2.796797e+00	1.128287e+00
9.134859e-03	1.639688e+02	4.195081e+02	1.462376e+03	4.116704e+01	5.788639e-04	3.371341e+00	3.448413e+00
9.134859e-03	1.639688e+02	4.195081e+02	6.521743e+02	5.198607e+01	5.067767e-04	2.796797e+00	3.448413e+00
9.134859e-03	1.639688e+02	1.171627e+02	1.462376e+03	5.198607e+01	5.067767e-04	2.796797e+00	3.448413e+00
9.134859e-03	1.639688e+02	1.171627e+02	6.521743e+02	4.116704e+01	5.067767e-04	2.796797e+00	3.448413e+00
9.134859e-03	1.639688e+02	1.171627e+02	6.521743e+02	5.198607e+01	5.788639e-04	2.796797e+00	3.448413e+00
9.134859e-03	1.639688e+02	1.171627e+02	6.521743e+02	5.198607e+01	5.067767e-04	3.371341e+00	3.448413e+00
9.134859e-03	1.639688e+02	1.171627e+02	6.521743e+02	5.198607e+01	5.067767e-04	2.796797e+00	1.128287e+00
9.134859e-03	1.639688e+02	1.171627e+02	6.521743e+02	5.198607e+01	5.067767e-04	2.796797e+00	3.448413e+00
6.205602e-03	1.638253e+02	9.525241e+02	7.494106e+02	8.758579e+01	3.580364e-04	1.976922e+00	3.063838e+00
6.205602e-03	1.638253e+02	8.763062e+02	7.494106e+02	8.758579e+01	3.580364e-04	1.976922e+00	3.063838e+00
6.205602e-03	1.638253e+02	9.525241e+02	1.393342e+03	8.758579e+01	3.580364e-04	1.976922e+00	3.063838e+00
6.205602e-03	1.638253e+02	9.525241e+02	7.494106e+02	7.053188e+00	3.580364e-04	1.976922e+00	3.063838e+00
5.780942e-02	1.663539e+02	9.525241e+02	7.494106e+02	8.758579e+01	1.925173e-04	1.976922e+00	3.063838e+00
6.205602e-03	1.638253e+02	9.525241e+02	7.494106e+02	8.758579e+01	3.580364e-04	6.512755e-01	3.063838e+00
6.205602e-03	1.638253e+02	9.525241e+02	7.494106e+02	8.758579e+01	3.580364e-04	1.976922e+00	7.933683e-02
5.780942e-02	1.663539e+02	9.525241e+02	1.393342e+03	7.053188e+00	1.925173e-04	6.512755e-01	7.933683e-02
5.780942e-02	1.663539e+02	8.763062e+02	7.494106e+02	7.053188e+00	1.925173e-04	6.512755e-01	7.933683e-02
5.780942e-02	1.663539e+02	8.763062e+02	1.393342e+03	8.758579e+01	1.925173e-04	6.512755e-01	7.933683e-02
6.205602e-03	1.638253e+02	8.763062e+02	1.393342e+03	7.053188e+00	3.580364e-04	6.512755e-01	7.933683e-02
5.780942e-02	1.663539e+02	8.763062e+02	1.393342e+03	7.053188e+00	1.925173e-04	1.976922e+00	7.933683e-02
5.780942e-02	1.663539e+02	8.763062e+02	1.393342e+03	7.053188e+00	1.925173e-04	6.512755e-01	3.063838e+00
5.780942e-02	1.663539e+02	8.763062e+02	1.393342e+03	7.053188e+00	1.925173e-04	6.512755e-01	7.933683e-02
5.780942e-02	1.663539e+02	9.263384e+02	1.186175e+03	4.780387e+01	1.872348e-04	3.586901e+00	3.668446e+00
5.780942e-02	1.663539e+02	2.514219e+02	1.186175e+03	4.780387e+01	1.872348e-04	3.586901e+00	3.668446e+00
5.780942e-02	1.663539e+02	9.263384e+02	1.146862e+03	4.780387e+01	1.872348e-04	3.586901e+00	3.668446e+00
5.780942e-02	1.663539e+02	9.263384e+02	1.186175e+03	4.069990e+01	1.872348e-04	3.586901e+00	3.668446e+00
9.134859e-03	1.639688e+02	9.263384e+02	1.186175e+03	4.780387e+01	6.571314e-04	3.586901e+00	3.668446e+00
5.780942e-02	1.663539e+02	9.263384e+02	1.186175e+03	4.780387e+01	1.872348e-04	9.368872e-01	3.668446e+00
5.780942e-02	1.663539e+02	9.263384e+02	1.186175e+03	4.780387e+01	1.872348e-04	3.586901e+00	6.420514e-01
9.134859e-03	1.639688e+02	9.263384e+02	1.146862e+03	4.069990e+01	6.571314e-04	9.368872e-01	6.420514e-01
9.134859e-03	1.639688e+02	2.514219e+02	1.186175e+03	4.069990e+01	6.571314e-04	9.368872e-01	6.420514e-01
9.134859e-03	1.639688e+02	2.514219e+02	1.146862e+03	4.780387e+01	6.571314e-04	9.368872e-01	6.420514e-01
5.780942e-02	1.663539e+02	2.514219e+02	1.146862e+03	4.069990e+01	1.872348e-04	9.368872e-01	6.420514e-01
9.134859e-03	1.639688e+02	2.514219e+02	1.146862e+03	4.069990e+01	6.571314e-04	3.586901e+00	6.420514e-01
9.134859e-03	1.639688e+02	2.514219e+02	1.146862e+03	4.069990e+01	6.571314e-04	9.368872e-01	3.668446e+00
9.134859e-03	1.639688e+02	2.514219e+02	1.146862e+03	4.069990e+01	6.571314e-04	9.368872e-01	6.420514e-01
9.134859e-03	1.639688e+02	4.613071e+02	8.991426e+02	9.500442e+01	8.783514e-04	1.208548e+00	1.738745e+00
9.134859e-03	1.639688e+02	7.410597e+02	8.991426e+02	9.500442e+01	8.783514e-04	1.208548e+00	1.738745e+00
9.134859e-03	1.639688e+02	4.613071e+02	9.057340e+02	9.500442e+01	8.783514e-04	1.208548e+00	1.738745e+00
9.134859e-03	1.639688e+02	4.613071e+02	8.991426e+02	9.881590e+01	8.783514e-04	1.208548e+00	1.738745e+00
1.006805e-01	1.684545e+02	4.613071e+02	8.991426e+02	9.500442e+01	9.726854e-05	1.208548e+00	1.738745e+00
9.134859e-03	1.639688e+02	4.613071e+02	8.991426e+02	9.500442e+01	8.783514e-04	2.512609e+00	1.738745e+00
9.134859e-03	1.639688e+02	4.613071e+02	8.991426e+02	9.500442e+01	8.783514e-04	1.208548e+00	3.756686e+00
1.006805e-01	1.684545e+02	4.613071e+02	9.057340e+02	9.881590e+01	9.726854e-05	2.512609e+00	3.756686e+00
1.006805e-01	1.684545e+02	7.410597e+02	8.991426e+02	9.881590e+01	9.726854e-05	2.512609e+00	3.756686e+00
1.006805e-01	1.684545e+02	7.410597e+02	9.057340e+02	9.500442e+01	9.726854e-05	2.512609e+00	3.756686e+00
9.134859e-03	1.639688e+02	7.410597e+02	9.057340e+02	9.881590e+01	8.783514e-04	2.512609e+00	3.756686e+00
1.006805e-01	1.684545e+02	7.410597e+02	9.057340e+02	9.881590e+01	9.726854e-05	1.208548e+00	3.756686e+00
1.006805e-01	1.684545e+02	7.410597e+02	9.057340e+02	9.881590e+01	9.726854e-05	2.512609e+00	1.738745e+00
1.006805e-01	1.684545e+02	7.410597e+02	9.057340e+02	9.881590e+01	9.726854e-05	2.512609e+00	3.756686e+00
6.205602e-03	1.638253e+02	1.506773e+02	1.312162e+03	4.103513e+00	2.805821e-04	5.034921e-01	2.097062e-01
6.205602e-03	1.638253e+02	2.077558e+01	1.312162e+03	4.103513e+00	2.805821e-04	5.034921e-01	2.097062e-01
6.205602e-03	1.638253e+02	1.506773e+02	7.207827e+02	4.103513e+00	2.805821e-04	5.034921e-01	2.097062e-01
6.205602e-03	1.638253e+02	1.506773e+02	1.312162e+03	6.148745e+01	2.805821e-04	5.034921e-01	2.097062e-01
6.205602e-03	1.638253e+02	1.506773e+02	1.312162e+03	4.103513e+00	2.565085e-04	5.034921e-01	2.097062e-01
6.205602e-03	1.638253e+02	1.506773e+02	1.312162e+03	4.103513e+00	2.805821e-04	3.707809e+00	2.097062e-01
6.205602e-03	1.638253e+02	1.506773e+02	1.312162e+03	4.103513e+00	2.805821e-04	5.034921e-01	2.894042e+00
6.205602e-03	1.638253e+02	1.506773e+02	7.207827e+02	6.148745e+01	2.565085e-04	3.707809e+00	2.894042e+00
6.205602e-03	1.638253e+02	2.077558e+01	1.312162e+03	6.148745e+01	2.565085e-04	3.707809e+00	2.894042e+00
6.205602e-03	1.638253e+02	2.077558e+01	7.207827e+02	4.103513e+00	2.565085e-04	3.707809e+00	2.894042e+00
6.205602e-03	1.638253e+02	2.077558e+01	7.207827e+02	6.148745e+01	2.805821e-04	3.707809e+00	2.894042e+00
6.205602e-03	1.638253e+02	2.077558e+01	7.207827e+02	6.148745e+01	2.565085e-04	5.034921e-01	2.894042e+00
6.205602e-03	1.638253e+02	2.077558e+01	7.207827e+02	6.148745e+01	2.565085e-04	3.707809e+00	2.097062e-01
6.205602e-03	1.638253e+02	2.077558e+01	7.207827e+02	6.148745e+01	2.565085e-04	3.707809e+00	2.894042e+00
9.134859e-03	1.639688e+02	7.451337e+02	5.251277e+02	5.123596e+01	5.348883e-04	2.849642e+00	2.137520e+00
9.134859e-03	1.639688e+02	9.711025e+02	5.251277e+02	5.123596e+01	5.348883e-04	2.849642e+00	2.137520e+00
9.134859e-03	1.639688e+02	7.451337e+02	1.479551e+03	5.123596e+01	5.348883e-04	2.849642e+00	2.137520e+00
9.134859e-03	1.639688e+02	7.451337e+02	5.251277e+02	3.835271e+00	5.348883e-04	2.849642e+00	2.137520e+00
9.134859e-03	1.639688e+02	7.451337e+02	5.251277e+02	5.123596e+01	9.451519e-04	2.849642e+00	2.137520e+00
9.134859e-03	1.639688e+02	7.451337e+02	5.251277e+02	5.123596e+01	5.348883e-04	1.859434e+00	2.137520e+00
9.134859e-03	1.639688e+02	7.451337e+02	5.251277e+02	5.123596e+01	5.348883e-04	2.849642e+00	1.535741e+00
9.134859e-03	1.639688e+02	7.451337e+02	1.479551e+03	3.835271e+00	9.451519e-04	1.859434e+00	1.535741e+00
9.134859e-03	1.639688e+02	9.711025e+02	5.251277e+02	3.835271e+00	9.451519e-04	1.859434e+00	1.535741e+00
9.134859e-03	1.639688e+02	9.711025e+02	1.479551e+03	5.123596e+01	9.451519e-04	1.859434e+00	1.535741e+00
9.134859e-03	1.639688e+02	9.711025e+02	1.479551e+03	3.835271e+00	5.348883e-04	1.859434e+00	1.535741e+00
9.134859e-03	1.639688e+02	9.711025e+02	1.479551e+03	3.835271e+00	9.451519e-04	2.849642e+00	1.535741e+00
9.134859e-03	1.639688e+02	9.711025e+02	1.479551e+03	3.835271e+00	9.451519e-04	1.859434e+00	2.137520e+00
9.134859e-03	1.639688e+02	9.711025e+02	1.479551e+03	3.835271e+00	9.451519e-04	1.859434e+00	1.535741e+00
9.134859e-03	1.639688e+02	5.595785e+02	1.382288e+03	8.105398e+01	6.365057e-04	2.328463e+00	3.261763e+00
9.134859e-03	1.639688e+02	2.183797e+02	1.382288e+03	8.105398e+01	6.365057e-04	2.328463e+00	3.261763e+00
9.134859e-03	1.639688e+02	5.595785e+02	6.004095e+02	8.105398e+01	6.365057e-04	2.328463e+00	3.261763e+00
9.134859e-03	1.639688e+02	5.595785e+02	1.382288e+03	6.463621e+01	6.365057e-04	2.328463e+00	3.261763e+00
5.780942e-02	1.663539e+02	5.595785e+02	1.382288e+03	8.105398e+01	1.477414e-04	2.328463e+00	3.261763e+00
9.134859e-03	1.639688e+02	5.595785e+02	1.382288e+03	8.105398e+01	6.365057e-04	3.460726e+00	3.261763e+00
9.134859e-03	1.639688e+02	5.595785e+02	1.382288e+03	8.105398e+01	6.365057e-04	2.328463e+00	1.440143e+00
5.780942e-02	1.663539e+02	5.595785e+02	6.004095e+02	6.463621e+01	1.477414e-04	3.460726e+00	1.440143e+00
5.780942e-02	1.663539e+02	2.183797e+02	1.382288e+03	6.463621e+01	1.477414e-04	3.460726e+00	1.440143e+00
5.780942e-02	1.663539e+02	2.183797e+02	6.004095e+02	8.105398e+01	1.477414e-04	3.460726e+00	1.440143e+00
9.134859e-03	1.639688e+02	2.183797e+02	6.004095e+02	6.463621e+01	6.365057e-04	3.460726e+00	1.440143e+00
5.780942e-02	1.663539e+02	2.183797e+02	6.004095e+02	6.463621e+01	1.477414e-04	2.328463e+00	1.440143e+00
5.780942e-02	1.663539e+02	2.183797e+02	6.004095e+02	6.463621e+01	1.477414e-04	3.460726e+00	3.261763e+00
5.780942e-02	1.663539e+02	2.183797e+02	6.004095e+02	6.463621e+01	1.477414e-04	3.460726e+00	1.440143e+00
1.152046e-02	1.640857e+02	9.381650e+01	6.576338e+02	2.738393e+01	4.290510e-04	9.660999e-01	1.334006e+00
1.152046e-02	1.640857e+02	7.902107e+02	6.576338e+02	2.738393e+01	4.290510e-04	9.660999e-01	1.334006e+00
1.152046e-02	1.640857e+02	9.381650e+01	1.359171e+03	2.738393e+01	4.290510e-04	9.660999e-01	1.334006e+00
1.152046e-02	1.640857e+02	9.381650e+01	6.576338e+02	1.938596e+01	4.290510e-04	9.660999e-01	1.334006e+00
9.134859e-03	1.639688e+02	9.381650e+01	6.576338e+02	2.738393e+01	5.827294e-04	9.660999e-01	1.334006e+00
1.152046e-02	1.640857e+02	9.381650e+01	6.576338e+02	2.738393e+01	4.290510e-04	1.109770e+00	1.334006e+00
1.152046e-02	1.640857e+02	9.381650e+01	6.576338e+02	2.738393e+01	4.290510e-04	9.660999e-01	2.054484e+00
9.134859e-03	1.639688e+02	9.381650e+01	1.359171e+03	1.938596e+01	5.827294e-04	1.109770e+00	2.054484e+00
9.134859e-03	1.639688e+02	7.902107e+02	6.576338e+02	1.938596e+01	5.827294e-04	1.109770e+00	2.054484e+00
9.134859e-03	1.639688e+02	7.902107e+02	1.359171e+03	2.738393e+01	5.827294e-04	1.109770e+00	2.054484e+00
1.152046e-02	1.640857e+02	7.902107e+02	1.359171e+03	1.938596e+01	4.290510e-04	1.109770e+00	2.054484e+00
9.134859e-03	1.639688e+02	7.902107e+02	1.359171e+03	1.938596e+01	5.827294e-04	9.660999e-01	2.054484e+00
9.134859e-03	1.639688e+02	7.902107e+02	1.359171e+03	1.938596e+01	5.827294e-04	1.109770e+00	1.334006e+00
9.134859e-03	1.639688e+02	7.902107e+02	1.359171e+03	1.938596e+01	5.827294e-04	1.109770e+00	2.054484e+00
9.134859e-03	1.639688e+02	2.679311e+02	1.006307e+03	7.475497e+01	7.922986e-04	1.725890e+00	8.638440e-01
9.134859e-03	1.639688e+02	4.479580e+02	1.006307e+03	7.475497e+01	7.922986e-04	1.725890e+00	8.638440e-01
9.134859e-03	1.639688e+02	2.679311e+02	1.018211e+03	7.475497e+01	7.922986e-04	1.725890e+00	8.638440e-01
9.134859e-03	1.639688e+02	2.679311e+02	1.006307e+03	3.134849e+01	7.922986e-04	1.725890e+00	8.638440e-01
9.134859e-03	1.639688e+02	2.679311e+02	1.006307e+03	7.475497e+01	8.000197e-04	1.725890e+00	8.638440e-01
9.134859e-03	1.639688e+02	2.679311e+02	1.006307e+03	7.475497e+01	7.922986e-04	1.872266e-01	8.638440e-01
9.134859e-03	1.639688e+02	2.679311e+02	1.006307e+03	7.475497e+01	7.922986e-04	1.725890e+00	3.162612e+00
9.134859e-03	1.639688e+02	2.679311e+02	1.018211e+03	3.134849e+01	8.000197e-04	1.872266e-01	3.162612e+00
9.134859e-03	1.639688e+02	4.479580e+02	1.006307e+03	3.134849e+01	8.000197e-04	1.872266e-01	3.162612e+00
9.134859e-03	1.639688e+02	4.479580e+02	1.018211e+03	7.475497e+01	8.000197e-04	1.872266e-01	3.162612e+00
9.134859e-03	1.639688e+02	4.479580e+02	1.018211e+03	3.134849e+01	7.922986e-04	1.872266e-01	3.162612e+00
9.134859e-03	1.639688e+02	4.479580e+02	1.018211e+03	3.134849e+01	8.000197e-04	1.725890e+00	3.162612e+00
9.134859e-03	1.639688e+02	4.479580e+02	1.018211e+03	3.134849e+01	8.000197e-04	1.872266e-01	8.638440e-01
9.134859e-03	1.639688e+02	4.479580e+02	1.018211e+03	3.134849e+01	8.000197e-04	1.872266e-01	3.162612e+00
1.006805e-01	1.684545e+02	8.616549e+02	7.816507e+02	2.120174e+01	2.314224e-05	3.120335e+00	2.793610e+00
1.006805e-01	1.684545e+02	5.590371e+02	7.816507e+02	2.120174e+01	2.314224e-05	3.120335e+00	2.793610e+00
1.006805e-01	1.684545e+02	8.616549e+02	7.770906e+02	2.120174e+01	2.314224e-05	3.120335e+00	2.793610e+00
1.006805e-01	1.684545e+02	8.616549e+02	7.816507e+02	7.686735e+01	2.314224e-05	3.120335e+00	2.793610e+00
9.134859e-03	1.639688e+02	8.616549e+02	7.816507e+02	2.120174e+01	4.860017e-04	3.120335e+00	2.793610e+00
1.006805e-01	1.684545e+02	8.616549e+02	7.816507e+02	2.120174e+01	2.314224e-05	2.265538e+00	2.793610e+00
1.006805e-01	1.684545e+02	8.616549e+02	7.816507e+02	2.120174e+01	2.314224e-05	3.120335e+00	3.009690e-01
9.134859e-03	1.639688e+02	8.616549e+02	7.770906e+02	7.686735e+01	4.860017e-04	2.265538e+00	3.009690e-01
9.134859e-03	1.639688e+02	5.590371e+02	7.816507e+02	7.686735e+01	4.860017e-04	2.265538e+00	3.009690e-01
9.134859e-03	1.639688e+02	5.590371e+02	7.770906e+02	2.120174e+01	4.860017e-04	2.265538e+00	3.009690e-01
1.006805e-01	1.684545e+02	5.590371e+02	7.770906e+02	7.686735e+01	2.314224e-05	2.265538e+00	3.009690e-01
9.134859e-03	1.639688e+02	5.590371e+02	7.770906e+02	7.686735e+01	4.860017e-04	3.120335e+00	3.009690e-01
9.134859e-03	1.639688e+02	5.590371e+02	7.770906e+02	7.686735e+01	4.860017e-04	2.265538e+00	2.793610e+00
9.134859e-03	1.639688e+02	5.590371e+02	7.770906e+02	7.686735e+01	4.860017e-04	2.265538e+00	3.009690e-01
