0 20 -25.198497113511742 151.9185077832031
1 6 51.42902569780965 153.54579559847735
2 20 -25.198497113511742 151.9185077832031
3 20 -25.198497113511742 151.9185077832031
4 6 51.42902569780965 153.54579559847735
5 6 51.42902569780965 153.54579559847735
6 13 -65.92670700793786 154.48676155260978
7 11 -81.18453319825045 152.57826457667005
8 13 -65.92670700793786 154.48676155260978
9 13 -65.92670700793786 154.48676155260978
10 11 -81.18453319825045 152.57826457667005
11 11 -81.18453319825045 152.57826457667005
12 13 -30.293901535803116 163.52472068498514
13 13 0.26148819925927735 161.1255469711457
14 13 -30.293901535803116 163.52472068498514
15 13 -30.293901535803116 163.52472068498514
16 13 0.26148819925927735 161.1255469711457
17 13 0.26148819925927735 161.1255469711457
18 9 -45.87035553047513 154.32387567345947
19 15 -65.50414579300765 153.0993557365088
20 9 -45.87035553047513 154.32387567345947
21 9 -45.87035553047513 154.32387567345947
22 15 -65.50414579300765 153.0993557365088
23 15 -65.50414579300765 153.0993557365088
24 12 -70.37447020865152 153.56408699568294
25 12 -77.06326975435425 154.60116367887096
26 12 -70.37447020865152 153.56408699568294
27 12 -70.37447020865152 153.56408699568294
28 12 -77.06326975435425 154.60116367887096
29 12 -77.06326975435425 154.60116367887096
30 18 -2.540513948817255 156.0097473813504
31 10 -48.15065387245484 155.1460066755413
32 18 -2.540513948817255 156.0097473813504
33 18 -2.540513948817255 156.0097473813504
34 10 -48.15065387245484 155.1460066755413
35 10 -48.15065387245484 155.1460066755413
36 16 -24.408293947441358 153.1061152383637
37 18 -25.88585667627607 149.6016451609472
38 16 -24.408293947441358 153.1061152383637
39 16 -24.408293947441358 153.1061152383637
40 18 -25.88585667627607 149.6016451609472
41 18 -25.88585667627607 149.6016451609472
42 18 -52.58370084531958 152.9974106466367
43 16 -42.708659115195815 162.35561200900509
44 18 -52.58370084531958 152.9974106466367
45 18 -52.58370084531958 152.9974106466367
46 16 -42.708659115195815 162.35561200900509
47 16 -42.708659115195815 162.35561200900509
48 17 5.701176058103325 151.23688592087032
49 10 -76.96595922333785 154.79755154910896
50 17 5.701176058103325 151.23688592087032
51 17 5.701176058103325 151.23688592087032
52 10 -76.96595922333785 154.79755154910896
53 10 -76.96595922333785 154.79755154910896
54 17 -16.35626736696491 155.61969387568968
55 7 -51.07824709482162 163.27644625484527
56 17 -16.35626736696491 155.61969387568968
57 17 -16.35626736696491 155.61969387568968
58 7 -51.07824709482162 163.27644625484527
59 7 -51.07824709482162 163.27644625484527
60 13 -69.88565462527392 158.59029796595223
61 6 -83.66725596569606 158.90910741346408
62 13 -69.88565462527392 158.59029796595223
63 13 -69.88565462527392 158.59029796595223
64 6 -83.66725596569606 158.90910741346408
65 6 -83.66725596569606 158.90910741346408
66 7 -61.106738735846356 155.67723253921244
67 17 -65.91827547297312 151.1321326236408
68 7 -61.106738735846356 155.67723253921244
69 7 -61.106738735846356 155.67723253921244
70 17 -65.91827547297312 151.1321326236408
71 17 -65.91827547297312 151.1321326236408
72 13 -31.301048070160046 157.82467303354372
73 18 -63.8949198290872 155.6047787495737
74 13 -31.301048070160046 157.82467303354372
75 13 -31.301048070160046 157.82467303354372
76 18 -63.8949198290872 155.6047787495737
77 18 -63.8949198290872 155.6047787495737
78 17 -66.98324459485194 156.2358934224672
79 14 -58.09105831191156 154.03408101000946
80 17 -66.98324459485194 156.2358934224672
81 17 -66.98324459485194 156.2358934224672
82 14 -58.09105831191156 154.03408101000946
83 14 -58.09105831191156 154.03408101000946
84 9 -68.4475217580601 156.8124362910501
85 10 -64.79388330266727 157.44702782246964
86 9 -68.4475217580601 156.8124362910501
87 9 -68.4475217580601 156.8124362910501
88 10 -64.79388330266727 157.44702782246964
89 10 -64.79388330266727 157.44702782246964
90 16 -37.28010088260997 152.26312163433636
91 16 -54.06165042920286 152.0148923033976
92 16 -37.28010088260997 152.26312163433636
93 16 -37.28010088260997 152.26312163433636
94 16 -54.06165042920286 152.0148923033976
95 16 -54.06165042920286 152.0148923033976
96 19 -72.19960732030034 153.40057327841154
97 10 -13.932453650723879 162.64653838220107
98 19 -72.19960732030034 153.40057327841154
99 19 -72.19960732030034 153.40057327841154
100 10 -13.932453650723879 162.64653838220107
101 10 -13.932453650723879 162.64653838220107
102 20 -20.896640969676678 155.87193644272375
103 12 -43.23324563272334 153.76521301027245
104 20 -20.896640969676678 155.87193644272375
105 20 -20.896640969676678 155.87193644272375
106 12 -43.23324563272334 153.76521301027245
107 12 -43.23324563272334 153.76521301027245
108 14 -19.656712885920435 157.78185247028418
109 13 -0.29054641184631136 154.4290746812142
110 14 -19.656712885920435 157.78185247028418
111 14 -19.656712885920435 157.78185247028418
112 13 -0.29054641184631136 154.4290746812142
113 13 -0.29054641184631136 154.4290746812142
114 15 -52.31657467943431 152.9027573940395
115 15 -53.87042584000129 156.29669915252464
116 15 -52.31657467943431 152.9027573940395
117 15 -52.31657467943431 152.9027573940395
118 15 -53.87042584000129 156.29669915252464
119 15 -53.87042584000129 156.29669915252464
120 24 7.5417942639358975 153.04985611913202
121 19 4.500898932949538 151.92909693527355
122 24 7.5417942639358975 153.04985611913202
123 24 7.5417942639358975 153.04985611913202
124 19 4.500898932949538 151.92909693527355
125 19 4.500898932949538 151.92909693527355
126 13 -16.260503286962663 158.01227298714107
127 8 -11.37846649215123 159.45429250153427
128 13 -16.260503286962663 158.01227298714107
129 13 -16.260503286962663 158.01227298714107
130 8 -11.37846649215123 159.45429250153427
131 8 -11.37846649215123 159.45429250153427
132 16 -44.78819203942745 153.24382189573097
133 10 -64.768824823924 154.71124386030718
134 16 -44.78819203942745 153.24382189573097
135 16 -44.78819203942745 153.24382189573097
136 10 -64.768824823924 154.71124386030718
137 10 -64.768824823924 154.71124386030718
138 16 -64.36299297457 149.31657484790253
139 11 -74.56419244686153 156.62998006504347
140 16 -64.36299297457 149.31657484790253
141 16 -64.36299297457 149.31657484790253
142 11 -74.56419244686153 156.62998006504347
143 11 -74.56419244686153 156.62998006504347
144 16 -65.22197991357723 154.18791397837117
145 13 -37.49410992042133 154.0526964850789
146 16 -65.22197991357723 154.18791397837117
147 16 -65.22197991357723 154.18791397837117
148 13 -37.49410992042133 154.0526964850789
149 13 -37.49410992042133 154.0526964850789
150 9 1.055694818823303 155.00084774175838
151 7 -82.46086123318237 157.57319292776907
152 9 1.055694818823303 155.00084774175838
153 9 1.055694818823303 155.00084774175838
154 7 -82.46086123318237 157.57319292776907
155 7 -82.46086123318237 157.57319292776907
156 13 -65.29629742929951 156.12420323267756
157 22 -64.53681340161856 151.0116695993931
158 13 -65.29629742929951 156.12420323267756
159 13 -65.29629742929951 156.12420323267756
160 22 -64.53681340161856 151.0116695993931
161 22 -64.53681340161856 151.0116695993931
162 14 -64.15081851090022 154.5123757809858
163 17 6.94003628624124 155.07702845724458
164 14 -64.15081851090022 154.5123757809858
165 14 -64.15081851090022 154.5123757809858
166 17 6.94003628624124 155.07702845724458
167 17 6.94003628624124 155.07702845724458
168 16 -68.79142958098117 153.64512529978242
169 13 -53.167179811322185 156.89141222297556
170 16 -68.79142958098117 153.64512529978242
171 16 -68.79142958098117 153.64512529978242
172 13 -53.167179811322185 156.89141222297556
173 13 -53.167179811322185 156.89141222297556
174 11 -66.96016166867767 160.6008170987783
175 10 -74.44432190530404 153.54503983345472
176 11 -66.96016166867767 160.6008170987783
177 11 -66.96016166867767 160.6008170987783
178 10 -74.44432190530404 153.54503983345472
179 10 -74.44432190530404 153.54503983345472
180 12 -83.06862873565619 153.71097312415196
181 15 -66.40156369134587 161.5997177930471
182 12 -83.06862873565619 153.71097312415196
183 12 -83.06862873565619 153.71097312415196
184 15 -66.40156369134587 161.5997177930471
185 15 -66.40156369134587 161.5997177930471
186 9 -65.74107434883626 155.19040414739624
187 15 -8.46148044680283 155.1240176529459
188 9 -65.74107434883626 155.19040414739624
189 9 -65.74107434883626 155.19040414739624
190 15 -8.46148044680283 155.1240176529459
191 15 -8.46148044680283 155.1240176529459
192 4 -74.49070743709748 154.18177750728285
193 12 -67.8175019291675 155.65392925873272
194 4 -74.49070743709748 154.18177750728285
195 4 -74.49070743709748 154.18177750728285
196 12 -67.8175019291675 155.65392925873272
197 12 -67.8175019291675 155.65392925873272
198 18 23.824349335655583 151.86773833731186
199 10 -14.867456991154867 155.6100975299818
200 18 23.824349335655583 151.86773833731186
201 18 23.824349335655583 151.86773833731186
202 10 -14.867456991154867 155.6100975299818
203 10 -14.867456991154867 155.6100975299818
204 15 -39.650543012251184 163.6669849199416
205 15 -69.3738312897158 155.25988679691733
206 15 -39.650543012251184 163.6669849199416
207 15 -39.650543012251184 163.6669849199416
208 15 -69.3738312897158 155.25988679691733
209 15 -69.3738312897158 155.25988679691733
210 13 -4.9002543628651205 153.1848134721543
211 17 -61.00095743939122 161.502970896936
212 13 -4.9002543628651205 153.1848134721543
213 13 -4.9002543628651205 153.1848134721543
214 17 -61.00095743939122 161.502970896936
215 17 -61.00095743939122 161.502970896936
216 10 -65.92453321878818 155.617219426082
217 15 -56.35353337590217 156.90005484016405
218 10 -65.92453321878818 155.617219426082
219 10 -65.92453321878818 155.617219426082
220 15 -56.35353337590217 156.90005484016405
221 15 -56.35353337590217 156.90005484016405
222 8 -84.71960346476926 155.8794169277287
223 14 -39.37880864408793 154.5880311131392
224 8 -84.71960346476926 155.8794169277287
225 8 -84.71960346476926 155.8794169277287
226 14 -39.37880864408793 154.5880311131392
227 14 -39.37880864408793 154.5880311131392
228 12 -17.313375512390113 160.14281075369408
229 12 -61.55284733179437 157.66871512508044
230 12 -17.313375512390113 160.14281075369408
231 12 -17.313375512390113 160.14281075369408
232 12 -61.55284733179437 157.66871512508044
233 12 -61.55284733179437 157.66871512508044
234 13 -0.9701491854045897 154.96949403937236
235 12 -26.273974423270303 154.98476843045933
236 13 -0.9701491854045897 154.96949403937236
237 13 -0.9701491854045897 154.96949403937236
238 12 -26.273974423270303 154.98476843045933
239 12 -26.273974423270303 154.98476843045933
240 13 -64.28709355724621 154.2806318737899
241 15 -70.55998568613256 156.0620666967606
242 13 -64.28709355724621 154.2806318737899
243 13 -64.28709355724621 154.2806318737899
244 15 -70.55998568613256 156.0620666967606
245 15 -70.55998568613256 156.0620666967606
246 14 -1.532562135187684 156.24391707835065
247 19 -16.995455295987295 154.7617536104603
248 14 -1.532562135187684 156.24391707835065
249 14 -1.532562135187684 156.24391707835065
250 19 -16.995455295987295 154.7617536104603
251 19 -16.995455295987295 154.7617536104603
252 11 -69.36143249843131 159.36403343470585
253 17 -17.685428897055004 155.70118256507675
254 11 -69.36143249843131 159.36403343470585
255 11 -69.36143249843131 159.36403343470585
256 17 -17.685428897055004 155.70118256507675
257 17 -17.685428897055004 155.70118256507675
258 9 -38.95949014772677 156.1923942184623
259 15 -8.095879585122935 156.9943568684852
260 9 -38.95949014772677 156.1923942184623
261 9 -38.95949014772677 156.1923942184623
262 15 -8.095879585122935 156.9943568684852
263 15 -8.095879585122935 156.9943568684852
264 14 -41.2066048261577 155.0361955856523
265 14 -66.64304394355041 152.15545187002888
266 14 -41.2066048261577 155.0361955856523
267 14 -41.2066048261577 155.0361955856523
268 14 -66.64304394355041 152.15545187002888
269 14 -66.64304394355041 152.15545187002888
270 12 -65.66322698513564 158.74659493776204
271 18 -27.615854569395268 155.75460254435788
272 12 -65.66322698513564 158.74659493776204
273 12 -65.66322698513564 158.74659493776204
274 18 -27.615854569395268 155.75460254435788
275 18 -27.615854569395268 155.75460254435788
276 7 -71.9303151366345 157.78143872494715
277 10 -42.524204188144736 153.6758465655344
278 7 -71.9303151366345 157.78143872494715
279 7 -71.9303151366345 157.78143872494715
280 10 -42.524204188144736 153.6758465655344
281 10 -42.524204188144736 153.6758465655344
282 13 14.924443560284887 156.35001071588172
283 11 -6.517279576446577 162.11770886459516
284 13 14.924443560284887 156.35001071588172
285 13 14.924443560284887 156.35001071588172
286 11 -6.517279576446577 162.11770886459516
287 11 -6.517279576446577 162.11770886459516
288 14 -21.95593836494473 153.89130669289653
289 23 -1.8382431192660365 152.4495528263551
290 14 -21.95593836494473 153.89130669289653
291 14 -21.95593836494473 153.89130669289653
292 23 -1.8382431192660365 152.4495528263551
293 23 -1.8382431192660365 152.4495528263551
294 8 4.920606885144478 155.71229981740464
295 17 -64.436738148462 158.97045585036162
296 8 4.920606885144478 155.71229981740464
297 8 4.920606885144478 155.71229981740464
298 17 -64.436738148462 158.97045585036162
299 17 -64.436738148462 158.97045585036162
300 15 0.4639446041181019 161.83450246443778
301 15 29.910976268600475 152.43181157475527
302 15 0.4639446041181019 161.83450246443778
303 15 0.4639446041181019 161.83450246443778
304 15 29.910976268600475 152.43181157475527
305 15 29.910976268600475 152.43181157475527
306 16 -63.08869229929603 152.3901593977308
307 14 -73.10573240636614 154.38834840289758
308 16 -63.08869229929603 152.3901593977308
309 16 -63.08869229929603 152.3901593977308
310 14 -73.10573240636614 154.38834840289758
311 14 -73.10573240636614 154.38834840289758
312 13 -69.50691147998575 156.20191623945072
313 12 -54.47371235428393 161.60866375195235
314 13 -69.50691147998575 156.20191623945072
315 13 -69.50691147998575 156.20191623945072
316 12 -54.47371235428393 161.60866375195235
317 12 -54.47371235428393 161.60866375195235
318 11 -71.12558648658184 158.3587270087359
319 15 -70.54839407258362 153.22745880114616
320 11 -71.12558648658184 158.3587270087359
321 11 -71.12558648658184 158.3587270087359
322 15 -70.54839407258362 153.22745880114616
323 15 -70.54839407258362 153.22745880114616
324 10 -84.74359935160321 156.22216442256035
325 13 -34.21891702242294 156.0076280278535
326 10 -84.74359935160321 156.22216442256035
327 10 -84.74359935160321 156.22216442256035
328 13 -34.21891702242294 156.0076280278535
329 13 -34.21891702242294 156.0076280278535
330 16 -26.143718686890615 154.2510127520709
331 15 -0.07666967305458006 154.79527047219224
332 16 -26.143718686890615 154.2510127520709
333 16 -26.143718686890615 154.2510127520709
334 15 -0.07666967305458006 154.79527047219224
335 15 -0.07666967305458006 154.79527047219224
336 18 -13.976756797295494 152.27637091375274
337 19 -29.432160334679896 153.5260241282811
338 18 -13.976756797295494 152.27637091375274
339 18 -13.976756797295494 152.27637091375274
340 19 -29.432160334679896 153.5260241282811
341 19 -29.432160334679896 153.5260241282811
342 12 -83.11155894124997 159.93992673087632
343 13 1.7082895304966859 157.07435505859956
344 12 -83.11155894124997 159.93992673087632
345 12 -83.11155894124997 159.93992673087632
346 13 1.7082895304966859 157.07435505859956
347 13 1.7082895304966859 157.07435505859956
348 14 -66.04128876734175 158.77593239743356
349 7 -32.54762261782954 164.54600563560544
350 14 -66.04128876734175 158.77593239743356
351 14 -66.04128876734175 158.77593239743356
352 7 -32.54762261782954 164.54600563560544
353 7 -32.54762261782954 164.54600563560544
354 9 -50.89184546255794 155.19734119822965
355 14 -10.090135201306445 152.75285240359057
356 9 -50.89184546255794 155.19734119822965
357 9 -50.89184546255794 155.19734119822965
358 14 -10.090135201306445 152.75285240359057
359 14 -10.090135201306445 152.75285240359057
360 17 -64.92339791160322 155.7045610287931
361 17 -66.1530204235193 154.23301841731165
362 17 -64.92339791160322 155.7045610287931
363 17 -64.92339791160322 155.7045610287931
364 17 -66.1530204235193 154.23301841731165
365 17 -66.1530204235193 154.23301841731165
366 17 -66.42821532614116 160.6624641885679
367 13 -34.07484380635665 155.77705289919885
368 17 -66.42821532614116 160.6624641885679
369 17 -66.42821532614116 160.6624641885679
370 13 -34.07484380635665 155.77705289919885
371 13 -34.07484380635665 155.77705289919885
372 10 -34.63318861919426 154.0405071241122
373 14 51.78133743338662 153.07530432433342
374 10 -34.63318861919426 154.0405071241122
375 10 -34.63318861919426 154.0405071241122
376 14 51.78133743338662 153.07530432433342
377 14 51.78133743338662 153.07530432433342
378 11 -64.92101718740996 154.44053327475925
379 5 -91.56291314688141 160.07723881388114
380 11 -64.92101718740996 154.44053327475925
381 11 -64.92101718740996 154.44053327475925
382 5 -91.56291314688141 160.07723881388114
383 5 -91.56291314688141 160.07723881388114
