8.505854671820998192e-01 3.726150359874591089e+00
3.627175902947783470e-01 3.726150359874591089e+00
8.505854671820998192e-01 1.464555139373987958e+00
8.505854671820998192e-01 1.464555139373987958e+00
3.627175902947783470e-01 3.726150359874591089e+00
3.627175902947783470e-01 1.464555139373987958e+00
4.420024938881397247e-01 1.960648877210915186e+00
6.360237915068864822e-01 1.960648877210915186e+00
4.420024938881397247e-01 3.697794667826965309e+00
4.420024938881397247e-01 3.697794667826965309e+00
6.360237915068864822e-01 1.960648877210915186e+00
6.360237915068864822e-01 3.697794667826965309e+00
7.640637457370758057e-03 2.161727029634639585e+00
1.539784166961908340e-01 2.161727029634639585e+00
7.640637457370758057e-03 8.981065214890987525e-01
7.640637457370758057e-03 8.981065214890987525e-01
1.539784166961908340e-01 2.161727029634639585e+00
1.539784166961908340e-01 8.981065214890987525e-01
6.618094397708773613e-01 4.040184859931469363e-01
8.491570344194769859e-01 4.040184859931469363e-01
6.618094397708773613e-01 2.148461782988160707e+00
6.618094397708773613e-01 2.148461782988160707e+00
8.491570344194769859e-01 4.040184859931469363e-01
8.491570344194769859e-01 2.148461782988160707e+00
5.971338795498013496e-01 2.747307890579104406e+00
5.651584668084979057e-01 2.747307890579104406e+00
5.971338795498013496e-01 2.782244871584698576e+00
5.971338795498013496e-01 2.782244871584698576e+00
5.651584668084979057e-01 2.747307890579104406e+00
5.651584668084979057e-01 2.782244871584698576e+00
1.885556783527135849e-01 9.593997276108712224e-01
4.322396796196699142e-01 9.593997276108712224e-01
1.885556783527135849e-01 1.104292612522840555e-02
1.885556783527135849e-01 1.104292612522840555e-02
4.322396796196699142e-01 9.593997276108712224e-01
4.322396796196699142e-01 1.104292612522840555e-02
2.522964868694543839e-01 3.185647325627505744e+00
9.184279348701238632e-01 3.185647325627505744e+00
2.522964868694543839e-01 3.321423806585371619e+00
2.522964868694543839e-01 3.321423806585371619e+00
9.184279348701238632e-01 3.185647325627505744e+00
9.184279348701238632e-01 3.321423806585371619e+00
9.064700538292527199e-01 1.389946164181456112e+00
8.238864224404096603e-02 1.389946164181456112e+00
9.064700538292527199e-01 1.595457488400861656e+00
9.064700538292527199e-01 1.595457488400861656e+00
8.238864224404096603e-02 1.389946164181456112e+00
8.238864224404096603e-02 1.595457488400861656e+00
9.843846429139375687e-01 2.470250251162797284e+00
9.455122668296098709e-01 2.470250251162797284e+00
9.843846429139375687e-01 5.008339432254433898e-01
9.843846429139375687e-01 5.008339432254433898e-01
9.455122668296098709e-01 2.470250251162797284e+00
9.455122668296098709e-01 5.008339432254433898e-01
3.304487774148583412e-01 2.369865465629845958e-01
4.694249387830495834e-02 2.369865465629845958e-01
3.304487774148583412e-01 2.732824606103822607e+00
3.304487774148583412e-01 2.732824606103822607e+00
4.694249387830495834e-02 2.369865465629845958e-01
4.694249387830495834e-02 2.732824606103822607e+00
1.417830856516957283e-01 3.902192934285849457e+00
5.380436172708868980e-01 3.902192934285849457e+00
1.417830856516957283e-01 1.924507109550759321e+00
1.417830856516957283e-01 1.924507109550759321e+00
5.380436172708868980e-01 3.902192934285849457e+00
5.380436172708868980e-01 1.924507109550759321e+00
5.500954519957304001e-01 1.676722228163853412e+00
4.675942752510309219e-01 1.676722228163853412e+00
5.500954519957304001e-01 3.175561747662722922e+00
5.500954519957304001e-01 3.175561747662722922e+00
4.675942752510309219e-01 1.676722228163853412e+00
4.675942752510309219e-01 3.175561747662722922e+00
7.397860139608383179e-01 3.440350126335397274e+00
2.440205495804548264e-01 3.440350126335397274e+00
7.397860139608383179e-01 3.812031026901677055e+00
7.397860139608383179e-01 3.812031026901677055e+00
2.440205495804548264e-01 3.440350126335397274e+00
2.440205495804548264e-01 3.812031026901677055e+00
8.585301320999860764e-02 1.247023476567119538e+00
7.517296476289629936e-01 1.247023476567119538e+00
8.585301320999860764e-02 1.042565483208745869e+00
8.585301320999860764e-02 1.042565483208745869e+00
7.517296476289629936e-01 1.247023476567119538e+00
7.517296476289629936e-01 1.042565483208745869e+00
3.951698234304785728e-01 2.885116457315161753e+00
2.725839046761393547e-01 2.885116457315161753e+00
3.951698234304785728e-01 2.353279988300055248e+00
3.951698234304785728e-01 2.353279988300055248e+00
2.725839046761393547e-01 2.885116457315161753e+00
2.725839046761393547e-01 2.353279988300055248e+00
8.034850470721721649e-01 6.839968685247004299e-01
7.334206607192754745e-01 6.839968685247004299e-01
8.034850470721721649e-01 6.271018296945840564e-01
8.034850470721721649e-01 6.271018296945840564e-01
7.334206607192754745e-01 6.839968685247004299e-01
7.334206607192754745e-01 6.271018296945840564e-01
7.513003638014197350e-01 2.868355728527530957e+00
1.268478110432624817e-03 2.868355728527530957e+00
7.513003638014197350e-01 3.417366715241223485e+00
7.513003638014197350e-01 3.417366715241223485e+00
1.268478110432624817e-03 2.868355728527530957e+00
1.268478110432624817e-03 3.417366715241223485e+00
4.093906395137310028e-01 5.738437068089843329e-01
9.935661768540740013e-01 5.738437068089843329e-01
4.093906395137310028e-01 1.682648884588852534e+00
4.093906395137310028e-01 1.682648884588852534e+00
9.935661768540740013e-01 5.738437068089843329e-01
9.935661768540740013e-01 1.682648884588852534e+00
9.421519935131072998e-02 3.298932695565745199e+00
4.839334478601813316e-01 3.298932695565745199e+00
9.421519935131072998e-02 2.990211824933066698e+00
9.421519935131072998e-02 2.990211824933066698e+00
4.839334478601813316e-01 3.298932695565745199e+00
4.839334478601813316e-01 2.990211824933066698e+00
6.895537106320261955e-01 1.012213612869381940e+00
5.231087300926446915e-01 1.012213612869381940e+00
6.895537106320261955e-01 2.433782463707030164e-01
6.895537106320261955e-01 2.433782463707030164e-01
5.231087300926446915e-01 1.012213612869381940e+00
5.231087300926446915e-01 2.433782463707030164e-01
5.047457488253712654e-01 3.854542150199413264e+00
7.974562328308820724e-01 3.854542150199413264e+00
5.047457488253712654e-01 8.528176718857140015e-01
5.047457488253712654e-01 8.528176718857140015e-01
7.974562328308820724e-01 3.854542150199413264e+00
7.974562328308820724e-01 8.528176718857140015e-01
1.628407966345548630e-01 1.598022761149332061e+00
1.960361404344439507e-01 1.598022761149332061e+00
1.628407966345548630e-01 2.127510858997702314e+00
1.628407966345548630e-01 2.127510858997702314e+00
1.960361404344439507e-01 1.598022761149332061e+00
1.960361404344439507e-01 2.127510858997702314e+00
3.495522011071443558e-01 2.297881406880915023e+00
7.171359686180949211e-01 2.297881406880915023e+00
3.495522011071443558e-01 1.315035213828086968e+00
3.495522011071443558e-01 1.315035213828086968e+00
7.171359686180949211e-01 2.297881406880915023e+00
7.171359686180949211e-01 1.315035213828086968e+00
9.448954770341515541e-01 3.356901935301721124e-02
2.875863816589117050e-01 3.356901935301721124e-02
9.448954770341515541e-01 3.539492788529023493e+00
9.448954770341515541e-01 3.539492788529023493e+00
2.875863816589117050e-01 3.356901935301721124e-02
2.875863816589117050e-01 3.539492788529023493e+00
8.981076274067163467e-01 3.077716392520815081e+00
6.817203378304839134e-01 3.077716392520815081e+00
8.981076274067163467e-01 2.389832174479961324e+00
8.981076274067163467e-01 2.389832174479961324e+00
6.817203378304839134e-01 3.077716392520815081e+00
6.817203378304839134e-01 2.389832174479961324e+00
3.025290304794907570e-01 1.375407664002850749e+00
3.146401960402727127e-01 1.375407664002850749e+00
3.025290304794907570e-01 6.567893873807043592e-01
3.025290304794907570e-01 6.567893873807043592e-01
3.146401960402727127e-01 1.375407664002850749e+00
3.146401960402727127e-01 6.567893873807043592e-01
2.407401250675320625e-01 2.514659372922032787e+00
8.328413460403680801e-01 2.514659372922032787e+00
2.407401250675320625e-01 3.954762531211599708e+00
2.407401250675320625e-01 3.954762531211599708e+00
8.328413460403680801e-01 2.514659372922032787e+00
8.328413460403680801e-01 3.954762531211599708e+00
5.829133000224828720e-01 8.201436428818852375e-01
1.688907733187079430e-01 8.201436428818852375e-01
5.829133000224828720e-01 1.207655754014849814e+00
5.829133000224828720e-01 1.207655754014849814e+00
1.688907733187079430e-01 8.201436428818852375e-01
1.688907733187079430e-01 1.207655754014849814e+00
6.427057757973670959e-01 2.084701848113909239e+00
3.864755434915423393e-01 2.084701848113909239e+00
6.427057757973670959e-01 1.821714926818385871e+00
6.427057757973670959e-01 1.821714926818385871e+00
3.864755434915423393e-01 2.084701848113909239e+00
3.864755434915423393e-01 1.821714926818385871e+00
4.713004361838102341e-02 3.580419874005019709e-01
6.131813805550336838e-01 3.580419874005019709e-01
4.713004361838102341e-02 3.095219655279070281e+00
4.713004361838102341e-02 3.095219655279070281e+00
6.131813805550336838e-01 3.580419874005019709e-01
6.131813805550336838e-01 3.095219655279070281e+00
4.873519605025649071e-01 3.524468000726774353e+00
9.863482974469661713e-02 3.524468000726774353e+00
4.873519605025649071e-01 2.840694736130535691e-01
4.873519605025649071e-01 2.840694736130535691e-01
9.863482974469661713e-02 3.524468000726774353e+00
9.863482974469661713e-02 2.840694736130535691e-01
8.295279927551746368e-01 1.790015200991183608e+00
9.034630088135600090e-01 1.790015200991183608e+00
8.295279927551746368e-01 2.509286831850185973e+00
8.295279927551746368e-01 2.509286831850185973e+00
9.034630088135600090e-01 1.790015200991183608e+00
9.034630088135600090e-01 2.509286831850185973e+00
8.166924705728888512e-01 2.194871854353695806e+00
5.540112219750881195e-01 2.194871854353695806e+00
8.166924705728888512e-01 3.613642762517556672e+00
8.166924705728888512e-01 3.613642762517556672e+00
5.540112219750881195e-01 2.194871854353695806e+00
5.540112219750881195e-01 3.613642762517556672e+00
4.747645072638988495e-01 4.994461855757981739e-01
4.525579297915101051e-01 4.994461855757981739e-01
4.747645072638988495e-01 1.365574166774749854e+00
4.747645072638988495e-01 1.365574166774749854e+00
4.525579297915101051e-01 4.994461855757981739e-01
4.525579297915101051e-01 1.365574166774749854e+00
3.652222454547882080e-02 3.630741700958460605e+00
9.624559590592980385e-01 3.630741700958460605e+00
3.652222454547882080e-02 2.045795750245452016e+00
3.652222454547882080e-02 2.045795750245452016e+00
9.624559590592980385e-01 3.630741700958460605e+00
9.624559590592980385e-01 2.045795750245452016e+00
6.318577555939555168e-01 1.927523093158379330e+00
3.288223221898078918e-02 1.927523093158379330e+00
6.318577555939555168e-01 8.098429024126381215e-01
6.318577555939555168e-01 8.098429024126381215e-01
3.288223221898078918e-02 1.927523093158379330e+00
3.288223221898078918e-02 8.098429024126381215e-01
5.642241211608052254e-01 3.218807378420606380e+00
2.564484477043151855e-01 3.218807378420606380e+00
5.642241211608052254e-01 1.928564166463911655e-01
5.642241211608052254e-01 1.928564166463911655e-01
2.564484477043151855e-01 3.218807378420606380e+00
2.564484477043151855e-01 1.928564166463911655e-01
2.222913932055234909e-01 1.485389076974243050e+00
7.487774388864636421e-01 1.485389076974243050e+00
2.222913932055234909e-01 2.916048532882705491e+00
2.222913932055234909e-01 2.916048532882705491e+00
7.487774388864636421e-01 1.485389076974243050e+00
7.487774388864636421e-01 2.916048532882705491e+00
2.821613121777772903e-01 2.651853577168658216e+00
2.269090088084340096e-01 2.651853577168658216e+00
2.821613121777772903e-01 1.725636972123756996e+00
2.821613121777772903e-01 1.725636972123756996e+00
2.269090088084340096e-01 2.651853577168658216e+00
2.269090088084340096e-01 1.725636972123756996e+00
8.774920711293816566e-01 9.262282742001116675e-01
7.661103382706642151e-01 9.262282742001116675e-01
8.774920711293816566e-01 3.499064700771123082e+00
8.774920711293816566e-01 3.499064700771123082e+00
7.661103382706642151e-01 9.262282742001116675e-01
7.661103382706642151e-01 3.499064700771123082e+00
9.557738397270441055e-01 3.993754575913771809e+00
1.368058407679200172e-01 3.993754575913771809e+00
9.557738397270441055e-01 2.583193275565281333e+00
9.557738397270441055e-01 2.583193275565281333e+00
1.368058407679200172e-01 3.993754575913771809e+00
1.368058407679200172e-01 2.583193275565281333e+00
3.601905936375260353e-01 1.706000994928181358e+00
8.634766899049282074e-01 1.706000994928181358e+00
3.601905936375260353e-01 3.348519568331539964e-01
3.601905936375260353e-01 3.348519568331539964e-01
8.634766899049282074e-01 1.706000994928181358e+00
8.634766899049282074e-01 3.348519568331539964e-01
1.753976689651608467e-01 2.440990495337173272e+00
3.465210981667041779e-01 2.440990495337173272e+00
1.753976689651608467e-01 3.013261016253381719e+00
1.753976689651608467e-01 3.013261016253381719e+00
3.465210981667041779e-01 2.440990495337173272e+00
3.465210981667041779e-01 3.013261016253381719e+00
5.175509359687566757e-01 1.454439158737659554e-01
6.513195345178246498e-01 1.454439158737659554e-01
5.175509359687566757e-01 1.778983687618747478e+00
5.175509359687566757e-01 1.778983687618747478e+00
6.513195345178246498e-01 1.454439158737659554e-01
6.513195345178246498e-01 1.778983687618747478e+00
7.101996019482612610e-01 2.976632429584860962e+00
9.353105919435620308e-01 2.976632429584860962e+00
7.101996019482612610e-01 1.156890394017100476e+00
7.101996019482612610e-01 1.156890394017100476e+00
9.353105919435620308e-01 2.976632429584860962e+00
9.353105919435620308e-01 1.156890394017100476e+00
1.146134985610842705e-01 7.132299807947128922e-01
6.826734542846679688e-02 7.132299807947128922e-01
1.146134985610842705e-01 3.880842769434675432e+00
1.146134985610842705e-01 3.880842769434675432e+00
6.826734542846679688e-02 7.132299807947128922e-01
6.826734542846679688e-02 3.880842769434675432e+00
4.278087979182600975e-01 3.411105583719909351e+00
5.810650363564491272e-01 3.411105583719909351e+00
4.278087979182600975e-01 6.995339446421713347e-01
4.278087979182600975e-01 6.995339446421713347e-01
5.810650363564491272e-01 3.411105583719909351e+00
5.810650363564491272e-01 6.995339446421713347e-01
7.699592001736164093e-01 1.155496073951944869e+00
4.171422990038990974e-01 1.155496073951944869e+00
7.699592001736164093e-01 2.471773690283298297e+00
7.699592001736164093e-01 2.471773690283298297e+00
4.171422990038990974e-01 1.155496073951944869e+00
4.171422990038990974e-01 2.471773690283298297e+00
7.850342756137251854e-01 3.331997552458196843e+00
8.178026163950562477e-01 3.331997552458196843e+00
7.850342756137251854e-01 1.521535348398610932e+00
7.850342756137251854e-01 1.521535348398610932e+00
8.178026163950562477e-01 3.331997552458196843e+00
8.178026163950562477e-01 1.521535348398610932e+00
3.764788396656513214e-01 1.107683109762147122e+00
1.848598085343837738e-01 1.107683109762147122e+00
3.764788396656513214e-01 3.270656068362295610e+00
3.764788396656513214e-01 3.270656068362295610e+00
1.848598085343837738e-01 1.107683109762147122e+00
1.848598085343837738e-01 3.270656068362295610e+00
6.523544341325759888e-02 2.772867220696061619e+00
6.676586456596851349e-01 2.772867220696061619e+00
6.523544341325759888e-02 9.298586886376142280e-02
6.523544341325759888e-02 9.298586886376142280e-02
6.676586456596851349e-01 2.772867220696061619e+00
6.676586456596851349e-01 9.298586886376142280e-02
7.194165242835879326e-01 5.407598389778286441e-01
3.315862724557518959e-01 5.407598389778286441e-01
7.194165242835879326e-01 2.824990855781361443e+00
7.194165242835879326e-01 2.824990855781361443e+00
3.315862724557518959e-01 5.407598389778286441e-01
3.315862724557518959e-01 2.824990855781361443e+00
5.375097738578915596e-01 2.330991933131590255e+00
1.139939920976758003e-01 2.330991933131590255e+00
5.375097738578915596e-01 2.199242839273065186e+00
5.375097738578915596e-01 2.199242839273065186e+00
1.139939920976758003e-01 2.330991933131590255e+00
1.139939920976758003e-01 2.199242839273065186e+00
1.289495732635259628e-01 1.290841707400977589e-01
8.873261213302612305e-01 1.290841707400977589e-01
1.289495732635259628e-01 9.720115382689983319e-01
1.289495732635259628e-01 9.720115382689983319e-01
8.873261213302612305e-01 1.290841707400977589e-01
8.873261213302612305e-01 9.720115382689983319e-01
3.196025583893060684e-01 3.759038429157808281e+00
4.008576646447181702e-01 3.759038429157808281e+00
3.196025583893060684e-01 3.655065806852653587e+00
3.196025583893060684e-01 3.655065806852653587e+00
4.008576646447181702e-01 3.759038429157808281e+00
4.008576646447181702e-01 3.655065806852653587e+00
9.737788671627640724e-01 1.564923665244132289e+00
5.960674555972218513e-01 1.564923665244132289e+00
9.737788671627640724e-01 1.382598878573626289e+00
9.737788671627640724e-01 1.382598878573626289e+00
5.960674555972218513e-01 1.564923665244132289e+00
5.960674555972218513e-01 1.382598878573626289e+00
9.268698859959840775e-01 2.606262811860069473e+00
4.982545338571071625e-01 2.606262811860069473e+00
9.268698859959840775e-01 5.529361594188958451e-01
9.268698859959840775e-01 5.529361594188958451e-01
4.982545338571071625e-01 2.606262811860069473e+00
4.982545338571071625e-01 5.529361594188958451e-01
2.729446301236748695e-01 8.493424418196082737e-01
5.059337699785828590e-01 8.493424418196082737e-01
2.729446301236748695e-01 2.302755780350416615e+00
2.729446301236748695e-01 2.302755780350416615e+00
5.059337699785828590e-01 8.493424418196082737e-01
5.059337699785828590e-01 2.302755780350416615e+00
2.072160812094807625e-01 3.048498552916571569e+00
1.656660530716180801e-02 3.048498552916571569e+00
2.072160812094807625e-01 1.124264895673841247e+00
2.072160812094807625e-01 1.124264895673841247e+00
1.656660530716180801e-02 3.048498552916571569e+00
1.656660530716180801e-02 1.124264895673841247e+00
6.155543159693479538e-01 1.283785184398293477e+00
9.773682542145252228e-01 1.283785184398293477e+00
6.155543159693479538e-01 3.855020541371777743e+00
6.155543159693479538e-01 3.855020541371777743e+00
9.773682542145252228e-01 1.283785184398293477e+00
9.773682542145252228e-01 3.855020541371777743e+00
6.724455505609512329e-01 3.616056211590767067e+00
7.030132412910461426e-01 3.616056211590767067e+00
6.724455505609512329e-01 3.226099273674190027e+00
6.724455505609512329e-01 3.226099273674190027e+00
7.030132412910461426e-01 3.616056211590767067e+00
7.030132412910461426e-01 3.226099273674190027e+00
1.851743739098310471e-02 1.819198786718770888e+00
3.044714229181408882e-01 1.819198786718770888e+00
1.851743739098310471e-02 1.998655656604096498e+00
1.851743739098310471e-02 1.998655656604096498e+00
3.044714229181408882e-01 1.819198786718770888e+00
3.044714229181408882e-01 1.998655656604096498e+00
4.548054328188300133e-01 2.055529663003980989e+00
7.823564680293202400e-01 2.055529663003980989e+00
4.548054328188300133e-01 2.689852214856073065e+00
4.548054328188300133e-01 2.689852214856073065e+00
7.823564680293202400e-01 2.055529663003980989e+00
7.823564680293202400e-01 2.689852214856073065e+00
8.631408028304576874e-01 2.664651771541685088e-01
2.119441404938697815e-01 2.664651771541685088e-01
8.631408028304576874e-01 4.191212126985192632e-01
8.631408028304576874e-01 4.191212126985192632e-01
2.119441404938697815e-01 2.664651771541685088e-01
2.119441404938697815e-01 4.191212126985192632e-01
