nbr_apop	apop_pos	epi_size	cell_definitions/cell_definition/phenotype/mechanics/cell_adhesion_affinities/cell_adhesion_affinity_epi_inter_epi_inter__	[_'_c_e_l_l___r_u_l_e_'_,_ _'_2_'_,_ _'_5_'_]
2.000000e+01	-2.519850e+01	1.519185e+02	8.505855e-01	3.726150e+00
6.000000e+00	5.142903e+01	1.535458e+02	3.627176e-01	3.726150e+00
2.000000e+01	-2.519850e+01	1.519185e+02	8.505855e-01	1.464555e+00
2.000000e+01	-2.519850e+01	1.519185e+02	8.505855e-01	1.464555e+00
6.000000e+00	5.142903e+01	1.535458e+02	3.627176e-01	3.726150e+00
6.000000e+00	5.142903e+01	1.535458e+02	3.627176e-01	1.464555e+00
1.300000e+01	-6.592671e+01	1.544868e+02	4.420025e-01	1.960649e+00
1.100000e+01	-8.118453e+01	1.525783e+02	6.360238e-01	1.960649e+00
1.300000e+01	-6.592671e+01	1.544868e+02	4.420025e-01	3.697795e+00
1.300000e+01	-6.592671e+01	1.544868e+02	4.420025e-01	3.697795e+00
1.100000e+01	-8.118453e+01	1.525783e+02	6.360238e-01	1.960649e+00
1.100000e+01	-8.118453e+01	1.525783e+02	6.360238e-01	3.697795e+00
1.300000e+01	-3.029390e+01	1.635247e+02	7.640637e-03	2.161727e+00
1.300000e+01	2.614882e-01	1.611255e+02	1.539784e-01	2.161727e+00
1.300000e+01	-3.029390e+01	1.635247e+02	7.640637e-03	8.981065e-01
1.300000e+01	-3.029390e+01	1.635247e+02	7.640637e-03	8.981065e-01
1.300000e+01	2.614882e-01	1.611255e+02	1.539784e-01	2.161727e+00
1.300000e+01	2.614882e-01	1.611255e+02	1.539784e-01	8.981065e-01
9.000000e+00	-4.587036e+01	1.543239e+02	6.618094e-01	4.040185e-01
1.500000e+01	-6.550415e+01	1.530994e+02	8.491570e-01	4.040185e-01
9.000000e+00	-4.587036e+01	1.543239e+02	6.618094e-01	2.148462e+00
9.000000e+00	-4.587036e+01	1.543239e+02	6.618094e-01	2.148462e+00
1.500000e+01	-6.550415e+01	1.530994e+02	8.491570e-01	4.040185e-01
1.500000e+01	-6.550415e+01	1.530994e+02	8.491570e-01	2.148462e+00
1.200000e+01	-7.037447e+01	1.535641e+02	5.971339e-01	2.747308e+00
1.200000e+01	-7.706327e+01	1.546012e+02	5.651585e-01	2.747308e+00
1.200000e+01	-7.037447e+01	1.535641e+02	5.971339e-01	2.782245e+00
1.200000e+01	-7.037447e+01	1.535641e+02	5.971339e-01	2.782245e+00
1.200000e+01	-7.706327e+01	1.546012e+02	5.651585e-01	2.747308e+00
1.200000e+01	-7.706327e+01	1.546012e+02	5.651585e-01	2.782245e+00
1.800000e+01	-2.540514e+00	1.560097e+02	1.885557e-01	9.593997e-01
1.000000e+01	-4.815065e+01	1.551460e+02	4.322397e-01	9.593997e-01
1.800000e+01	-2.540514e+00	1.560097e+02	1.885557e-01	1.104293e-02
1.800000e+01	-2.540514e+00	1.560097e+02	1.885557e-01	1.104293e-02
1.000000e+01	-4.815065e+01	1.551460e+02	4.322397e-01	9.593997e-01
1.000000e+01	-4.815065e+01	1.551460e+02	4.322397e-01	1.104293e-02
1.600000e+01	-2.440829e+01	1.531061e+02	2.522965e-01	3.185647e+00
1.800000e+01	-2.588586e+01	1.496016e+02	9.184279e-01	3.185647e+00
1.600000e+01	-2.440829e+01	1.531061e+02	2.522965e-01	3.321424e+00
1.600000e+01	-2.440829e+01	1.531061e+02	2.522965e-01	3.321424e+00
1.800000e+01	-2.588586e+01	1.496016e+02	9.184279e-01	3.185647e+00
1.800000e+01	-2.588586e+01	1.496016e+02	9.184279e-01	3.321424e+00
1.800000e+01	-5.258370e+01	1.529974e+02	9.064701e-01	1.389946e+00
1.600000e+01	-4.270866e+01	1.623556e+02	8.238864e-02	1.389946e+00
1.800000e+01	-5.258370e+01	1.529974e+02	9.064701e-01	1.595457e+00
1.800000e+01	-5.258370e+01	1.529974e+02	9.064701e-01	1.595457e+00
1.600000e+01	-4.270866e+01	1.623556e+02	8.238864e-02	1.389946e+00
1.600000e+01	-4.270866e+01	1.623556e+02	8.238864e-02	1.595457e+00
1.700000e+01	5.701176e+00	1.512369e+02	9.843846e-01	2.470250e+00
1.000000e+01	-7.696596e+01	1.547976e+02	9.455123e-01	2.470250e+00
1.700000e+01	5.701176e+00	1.512369e+02	9.843846e-01	5.008339e-01
1.700000e+01	5.701176e+00	1.512369e+02	9.843846e-01	5.008339e-01
1.000000e+01	-7.696596e+01	1.547976e+02	9.455123e-01	2.470250e+00
1.000000e+01	-7.696596e+01	1.547976e+02	9.455123e-01	5.008339e-01
1.700000e+01	-1.635627e+01	1.556197e+02	3.304488e-01	2.369865e-01
7.000000e+00	-5.107825e+01	1.632764e+02	4.694249e-02	2.369865e-01
1.700000e+01	-1.635627e+01	1.556197e+02	3.304488e-01	2.732825e+00
1.700000e+01	-1.635627e+01	1.556197e+02	3.304488e-01	2.732825e+00
7.000000e+00	-5.107825e+01	1.632764e+02	4.694249e-02	2.369865e-01
7.000000e+00	-5.107825e+01	1.632764e+02	4.694249e-02	2.732825e+00
1.300000e+01	-6.988565e+01	1.585903e+02	1.417831e-01	3.902193e+00
6.000000e+00	-8.366726e+01	1.589091e+02	5.380436e-01	3.902193e+00
1.300000e+01	-6.988565e+01	1.585903e+02	1.417831e-01	1.924507e+00
1.300000e+01	-6.988565e+01	1.585903e+02	1.417831e-01	1.924507e+00
6.000000e+00	-8.366726e+01	1.589091e+02	5.380436e-01	3.902193e+00
6.000000e+00	-8.366726e+01	1.589091e+02	5.380436e-01	1.924507e+00
7.000000e+00	-6.110674e+01	1.556772e+02	5.500955e-01	1.676722e+00
1.700000e+01	-6.591828e+01	1.511321e+02	4.675943e-01	1.676722e+00
7.000000e+00	-6.110674e+01	1.556772e+02	5.500955e-01	3.175562e+00
7.000000e+00	-6.110674e+01	1.556772e+02	5.500955e-01	3.175562e+00
1.700000e+01	-6.591828e+01	1.511321e+02	4.675943e-01	1.676722e+00
1.700000e+01	-6.591828e+01	1.511321e+02	4.675943e-01	3.175562e+00
1.300000e+01	-3.130105e+01	1.578247e+02	7.397860e-01	3.440350e+00
1.800000e+01	-6.389492e+01	1.556048e+02	2.440205e-01	3.440350e+00
1.300000e+01	-3.130105e+01	1.578247e+02	7.397860e-01	3.812031e+00
1.300000e+01	-3.130105e+01	1.578247e+02	7.397860e-01	3.812031e+00
1.800000e+01	-6.389492e+01	1.556048e+02	2.440205e-01	3.440350e+00
1.800000e+01	-6.389492e+01	1.556048e+02	2.440205e-01	3.812031e+00
1.700000e+01	-6.698324e+01	1.562359e+02	8.585301e-02	1.247023e+00
1.400000e+01	-5.809106e+01	1.540341e+02	7.517296e-01	1.247023e+00
1.700000e+01	-6.698324e+01	1.562359e+02	8.585301e-02	1.042565e+00
1.700000e+01	-6.698324e+01	1.562359e+02	8.585301e-02	1.042565e+00
1.400000e+01	-5.809106e+01	1.540341e+02	7.517296e-01	1.247023e+00
1.400000e+01	-5.809106e+01	1.540341e+02	7.517296e-01	1.042565e+00
9.000000e+00	-6.844752e+01	1.568124e+02	3.951698e-01	2.885116e+00
1.000000e+01	-6.479388e+01	1.574470e+02	2.725839e-01	2.885116e+00
9.000000e+00	-6.844752e+01	1.568124e+02	3.951698e-01	2.353280e+00
9.000000e+00	-6.844752e+01	1.568124e+02	3.951698e-01	2.353280e+00
1.000000e+01	-6.479388e+01	1.574470e+02	2.725839e-01	2.885116e+00
1.000000e+01	-6.479388e+01	1.574470e+02	2.725839e-01	2.353280e+00
1.600000e+01	-3.728010e+01	1.522631e+02	8.034850e-01	6.839969e-01
1.600000e+01	-5.406165e+01	1.520149e+02	7.334207e-01	6.839969e-01
1.600000e+01	-3.728010e+01	1.522631e+02	8.034850e-01	6.271018e-01
1.600000e+01	-3.728010e+01	1.522631e+02	8.034850e-01	6.271018e-01
1.600000e+01	-5.406165e+01	1.520149e+02	7.334207e-01	6.839969e-01
1.600000e+01	-5.406165e+01	1.520149e+02	7.334207e-01	6.271018e-01
1.900000e+01	-7.219961e+01	1.534006e+02	7.513004e-01	2.868356e+00
1.000000e+01	-1.393245e+01	1.626465e+02	1.268478e-03	2.868356e+00
1.900000e+01	-7.219961e+01	1.534006e+02	7.513004e-01	3.417367e+00
1.900000e+01	-7.219961e+01	1.534006e+02	7.513004e-01	3.417367e+00
1.000000e+01	-1.393245e+01	1.626465e+02	1.268478e-03	2.868356e+00
1.000000e+01	-1.393245e+01	1.626465e+02	1.268478e-03	3.417367e+00
2.000000e+01	-2.089664e+01	1.558719e+02	4.093906e-01	5.738437e-01
1.200000e+01	-4.323325e+01	1.537652e+02	9.935662e-01	5.738437e-01
2.000000e+01	-2.089664e+01	1.558719e+02	4.093906e-01	1.682649e+00
2.000000e+01	-2.089664e+01	1.558719e+02	4.093906e-01	1.682649e+00
1.200000e+01	-4.323325e+01	1.537652e+02	9.935662e-01	5.738437e-01
1.200000e+01	-4.323325e+01	1.537652e+02	9.935662e-01	1.682649e+00
1.400000e+01	-1.965671e+01	1.577819e+02	9.421520e-02	3.298933e+00
1.300000e+01	-2.905464e-01	1.544291e+02	4.839334e-01	3.298933e+00
1.400000e+01	-1.965671e+01	1.577819e+02	9.421520e-02	2.990212e+00
1.400000e+01	-1.965671e+01	1.577819e+02	9.421520e-02	2.990212e+00
1.300000e+01	-2.905464e-01	1.544291e+02	4.839334e-01	3.298933e+00
1.300000e+01	-2.905464e-01	1.544291e+02	4.839334e-01	2.990212e+00
1.500000e+01	-5.231657e+01	1.529028e+02	6.895537e-01	1.012214e+00
1.500000e+01	-5.387043e+01	1.562967e+02	5.231087e-01	1.012214e+00
1.500000e+01	-5.231657e+01	1.529028e+02	6.895537e-01	2.433782e-01
1.500000e+01	-5.231657e+01	1.529028e+02	6.895537e-01	2.433782e-01
1.500000e+01	-5.387043e+01	1.562967e+02	5.231087e-01	1.012214e+00
1.500000e+01	-5.387043e+01	1.562967e+02	5.231087e-01	2.433782e-01
2.400000e+01	7.541794e+00	1.530499e+02	5.047457e-01	3.854542e+00
1.900000e+01	4.500899e+00	1.519291e+02	7.974562e-01	3.854542e+00
2.400000e+01	7.541794e+00	1.530499e+02	5.047457e-01	8.528177e-01
2.400000e+01	7.541794e+00	1.530499e+02	5.047457e-01	8.528177e-01
1.900000e+01	4.500899e+00	1.519291e+02	7.974562e-01	3.854542e+00
1.900000e+01	4.500899e+00	1.519291e+02	7.974562e-01	8.528177e-01
1.300000e+01	-1.626050e+01	1.580123e+02	1.628408e-01	1.598023e+00
8.000000e+00	-1.137847e+01	1.594543e+02	1.960361e-01	1.598023e+00
1.300000e+01	-1.626050e+01	1.580123e+02	1.628408e-01	2.127511e+00
1.300000e+01	-1.626050e+01	1.580123e+02	1.628408e-01	2.127511e+00
8.000000e+00	-1.137847e+01	1.594543e+02	1.960361e-01	1.598023e+00
8.000000e+00	-1.137847e+01	1.594543e+02	1.960361e-01	2.127511e+00
1.600000e+01	-4.478819e+01	1.532438e+02	3.495522e-01	2.297881e+00
1.000000e+01	-6.476882e+01	1.547112e+02	7.171360e-01	2.297881e+00
1.600000e+01	-4.478819e+01	1.532438e+02	3.495522e-01	1.315035e+00
1.600000e+01	-4.478819e+01	1.532438e+02	3.495522e-01	1.315035e+00
1.000000e+01	-6.476882e+01	1.547112e+02	7.171360e-01	2.297881e+00
1.000000e+01	-6.476882e+01	1.547112e+02	7.171360e-01	1.315035e+00
1.600000e+01	-6.436299e+01	1.493166e+02	9.448955e-01	3.356902e-02
1.100000e+01	-7.456419e+01	1.566300e+02	2.875864e-01	3.356902e-02
1.600000e+01	-6.436299e+01	1.493166e+02	9.448955e-01	3.539493e+00
1.600000e+01	-6.436299e+01	1.493166e+02	9.448955e-01	3.539493e+00
1.100000e+01	-7.456419e+01	1.566300e+02	2.875864e-01	3.356902e-02
1.100000e+01	-7.456419e+01	1.566300e+02	2.875864e-01	3.539493e+00
1.600000e+01	-6.522198e+01	1.541879e+02	8.981076e-01	3.077716e+00
1.300000e+01	-3.749411e+01	1.540527e+02	6.817203e-01	3.077716e+00
1.600000e+01	-6.522198e+01	1.541879e+02	8.981076e-01	2.389832e+00
1.600000e+01	-6.522198e+01	1.541879e+02	8.981076e-01	2.389832e+00
1.300000e+01	-3.749411e+01	1.540527e+02	6.817203e-01	3.077716e+00
1.300000e+01	-3.749411e+01	1.540527e+02	6.817203e-01	2.389832e+00
9.000000e+00	1.055695e+00	1.550008e+02	3.025290e-01	1.375408e+00
7.000000e+00	-8.246086e+01	1.575732e+02	3.146402e-01	1.375408e+00
9.000000e+00	1.055695e+00	1.550008e+02	3.025290e-01	6.567894e-01
9.000000e+00	1.055695e+00	1.550008e+02	3.025290e-01	6.567894e-01
7.000000e+00	-8.246086e+01	1.575732e+02	3.146402e-01	1.375408e+00
7.000000e+00	-8.246086e+01	1.575732e+02	3.146402e-01	6.567894e-01
1.300000e+01	-6.529630e+01	1.561242e+02	2.407401e-01	2.514659e+00
2.200000e+01	-6.453681e+01	1.510117e+02	8.328413e-01	2.514659e+00
1.300000e+01	-6.529630e+01	1.561242e+02	2.407401e-01	3.954763e+00
1.300000e+01	-6.529630e+01	1.561242e+02	2.407401e-01	3.954763e+00
2.200000e+01	-6.453681e+01	1.510117e+02	8.328413e-01	2.514659e+00
2.200000e+01	-6.453681e+01	1.510117e+02	8.328413e-01	3.954763e+00
1.400000e+01	-6.415082e+01	1.545124e+02	5.829133e-01	8.201436e-01
1.700000e+01	6.940036e+00	1.550770e+02	1.688908e-01	8.201436e-01
1.400000e+01	-6.415082e+01	1.545124e+02	5.829133e-01	1.207656e+00
1.400000e+01	-6.415082e+01	1.545124e+02	5.829133e-01	1.207656e+00
1.700000e+01	6.940036e+00	1.550770e+02	1.688908e-01	8.201436e-01
1.700000e+01	6.940036e+00	1.550770e+02	1.688908e-01	1.207656e+00
1.600000e+01	-6.879143e+01	1.536451e+02	6.427058e-01	2.084702e+00
1.300000e+01	-5.316718e+01	1.568914e+02	3.864755e-01	2.084702e+00
1.600000e+01	-6.879143e+01	1.536451e+02	6.427058e-01	1.821715e+00
1.600000e+01	-6.879143e+01	1.536451e+02	6.427058e-01	1.821715e+00
1.300000e+01	-5.316718e+01	1.568914e+02	3.864755e-01	2.084702e+00
1.300000e+01	-5.316718e+01	1.568914e+02	3.864755e-01	1.821715e+00
1.100000e+01	-6.696016e+01	1.606008e+02	4.713004e-02	3.580420e-01
1.000000e+01	-7.444432e+01	1.535450e+02	6.131814e-01	3.580420e-01
1.100000e+01	-6.696016e+01	1.606008e+02	4.713004e-02	3.095220e+00
1.100000e+01	-6.696016e+01	1.606008e+02	4.713004e-02	3.095220e+00
1.000000e+01	-7.444432e+01	1.535450e+02	6.131814e-01	3.580420e-01
1.000000e+01	-7.444432e+01	1.535450e+02	6.131814e-01	3.095220e+00
1.200000e+01	-8.306863e+01	1.537110e+02	4.873520e-01	3.524468e+00
1.500000e+01	-6.640156e+01	1.615997e+02	9.863483e-02	3.524468e+00
1.200000e+01	-8.306863e+01	1.537110e+02	4.873520e-01	2.840695e-01
1.200000e+01	-8.306863e+01	1.537110e+02	4.873520e-01	2.840695e-01
1.500000e+01	-6.640156e+01	1.615997e+02	9.863483e-02	3.524468e+00
1.500000e+01	-6.640156e+01	1.615997e+02	9.863483e-02	2.840695e-01
9.000000e+00	-6.574107e+01	1.551904e+02	8.295280e-01	1.790015e+00
1.500000e+01	-8.461480e+00	1.551240e+02	9.034630e-01	1.790015e+00
9.000000e+00	-6.574107e+01	1.551904e+02	8.295280e-01	2.509287e+00
9.000000e+00	-6.574107e+01	1.551904e+02	8.295280e-01	2.509287e+00
1.500000e+01	-8.461480e+00	1.551240e+02	9.034630e-01	1.790015e+00
1.500000e+01	-8.461480e+00	1.551240e+02	9.034630e-01	2.509287e+00
4.000000e+00	-7.449071e+01	1.541818e+02	8.166925e-01	2.194872e+00
1.200000e+01	-6.781750e+01	1.556539e+02	5.540112e-01	2.194872e+00
4.000000e+00	-7.449071e+01	1.541818e+02	8.166925e-01	3.613643e+00
4.000000e+00	-7.449071e+01	1.541818e+02	8.166925e-01	3.613643e+00
1.200000e+01	-6.781750e+01	1.556539e+02	5.540112e-01	2.194872e+00
1.200000e+01	-6.781750e+01	1.556539e+02	5.540112e-01	3.613643e+00
1.800000e+01	2.382435e+01	1.518677e+02	4.747645e-01	4.994462e-01
1.000000e+01	-1.486746e+01	1.556101e+02	4.525579e-01	4.994462e-01
1.800000e+01	2.382435e+01	1.518677e+02	4.747645e-01	1.365574e+00
1.800000e+01	2.382435e+01	1.518677e+02	4.747645e-01	1.365574e+00
1.000000e+01	-1.486746e+01	1.556101e+02	4.525579e-01	4.994462e-01
1.000000e+01	-1.486746e+01	1.556101e+02	4.525579e-01	1.365574e+00
1.500000e+01	-3.965054e+01	1.636670e+02	3.652222e-02	3.630742e+00
1.500000e+01	-6.937383e+01	1.552599e+02	9.624560e-01	3.630742e+00
1.500000e+01	-3.965054e+01	1.636670e+02	3.652222e-02	2.045796e+00
1.500000e+01	-3.965054e+01	1.636670e+02	3.652222e-02	2.045796e+00
1.500000e+01	-6.937383e+01	1.552599e+02	9.624560e-01	3.630742e+00
1.500000e+01	-6.937383e+01	1.552599e+02	9.624560e-01	2.045796e+00
1.300000e+01	-4.900254e+00	1.531848e+02	6.318578e-01	1.927523e+00
1.700000e+01	-6.100096e+01	1.615030e+02	3.288223e-02	1.927523e+00
1.300000e+01	-4.900254e+00	1.531848e+02	6.318578e-01	8.098429e-01
1.300000e+01	-4.900254e+00	1.531848e+02	6.318578e-01	8.098429e-01
1.700000e+01	-6.100096e+01	1.615030e+02	3.288223e-02	1.927523e+00
1.700000e+01	-6.100096e+01	1.615030e+02	3.288223e-02	8.098429e-01
1.000000e+01	-6.592453e+01	1.556172e+02	5.642241e-01	3.218807e+00
1.500000e+01	-5.635353e+01	1.569001e+02	2.564484e-01	3.218807e+00
1.000000e+01	-6.592453e+01	1.556172e+02	5.642241e-01	1.928564e-01
1.000000e+01	-6.592453e+01	1.556172e+02	5.642241e-01	1.928564e-01
1.500000e+01	-5.635353e+01	1.569001e+02	2.564484e-01	3.218807e+00
1.500000e+01	-5.635353e+01	1.569001e+02	2.564484e-01	1.928564e-01
8.000000e+00	-8.471960e+01	1.558794e+02	2.222914e-01	1.485389e+00
1.400000e+01	-3.937881e+01	1.545880e+02	7.487774e-01	1.485389e+00
8.000000e+00	-8.471960e+01	1.558794e+02	2.222914e-01	2.916049e+00
8.000000e+00	-8.471960e+01	1.558794e+02	2.222914e-01	2.916049e+00
1.400000e+01	-3.937881e+01	1.545880e+02	7.487774e-01	1.485389e+00
1.400000e+01	-3.937881e+01	1.545880e+02	7.487774e-01	2.916049e+00
1.200000e+01	-1.731338e+01	1.601428e+02	2.821613e-01	2.651854e+00
1.200000e+01	-6.155285e+01	1.576687e+02	2.269090e-01	2.651854e+00
1.200000e+01	-1.731338e+01	1.601428e+02	2.821613e-01	1.725637e+00
1.200000e+01	-1.731338e+01	1.601428e+02	2.821613e-01	1.725637e+00
1.200000e+01	-6.155285e+01	1.576687e+02	2.269090e-01	2.651854e+00
1.200000e+01	-6.155285e+01	1.576687e+02	2.269090e-01	1.725637e+00
1.300000e+01	-9.701492e-01	1.549695e+02	8.774921e-01	9.262283e-01
1.200000e+01	-2.627397e+01	1.549848e+02	7.661103e-01	9.262283e-01
1.300000e+01	-9.701492e-01	1.549695e+02	8.774921e-01	3.499065e+00
1.300000e+01	-9.701492e-01	1.549695e+02	8.774921e-01	3.499065e+00
1.200000e+01	-2.627397e+01	1.549848e+02	7.661103e-01	9.262283e-01
1.200000e+01	-2.627397e+01	1.549848e+02	7.661103e-01	3.499065e+00
1.300000e+01	-6.428709e+01	1.542806e+02	9.557738e-01	3.993755e+00
1.500000e+01	-7.055999e+01	1.560621e+02	1.368058e-01	3.993755e+00
1.300000e+01	-6.428709e+01	1.542806e+02	9.557738e-01	2.583193e+00
1.300000e+01	-6.428709e+01	1.542806e+02	9.557738e-01	2.583193e+00
1.500000e+01	-7.055999e+01	1.560621e+02	1.368058e-01	3.993755e+00
1.500000e+01	-7.055999e+01	1.560621e+02	1.368058e-01	2.583193e+00
1.400000e+01	-1.532562e+00	1.562439e+02	3.601906e-01	1.706001e+00
1.900000e+01	-1.699546e+01	1.547618e+02	8.634767e-01	1.706001e+00
1.400000e+01	-1.532562e+00	1.562439e+02	3.601906e-01	3.348520e-01
1.400000e+01	-1.532562e+00	1.562439e+02	3.601906e-01	3.348520e-01
1.900000e+01	-1.699546e+01	1.547618e+02	8.634767e-01	1.706001e+00
1.900000e+01	-1.699546e+01	1.547618e+02	8.634767e-01	3.348520e-01
1.100000e+01	-6.936143e+01	1.593640e+02	1.753977e-01	2.440990e+00
1.700000e+01	-1.768543e+01	1.557012e+02	3.465211e-01	2.440990e+00
1.100000e+01	-6.936143e+01	1.593640e+02	1.753977e-01	3.013261e+00
1.100000e+01	-6.936143e+01	1.593640e+02	1.753977e-01	3.013261e+00
1.700000e+01	-1.768543e+01	1.557012e+02	3.465211e-01	2.440990e+00
1.700000e+01	-1.768543e+01	1.557012e+02	3.465211e-01	3.013261e+00
9.000000e+00	-3.895949e+01	1.561924e+02	5.175509e-01	1.454439e-01
1.500000e+01	-8.095880e+00	1.569944e+02	6.513195e-01	1.454439e-01
9.000000e+00	-3.895949e+01	1.561924e+02	5.175509e-01	1.778984e+00
9.000000e+00	-3.895949e+01	1.561924e+02	5.175509e-01	1.778984e+00
1.500000e+01	-8.095880e+00	1.569944e+02	6.513195e-01	1.454439e-01
1.500000e+01	-8.095880e+00	1.569944e+02	6.513195e-01	1.778984e+00
1.400000e+01	-4.120660e+01	1.550362e+02	7.101996e-01	2.976632e+00
1.400000e+01	-6.664304e+01	1.521555e+02	9.353106e-01	2.976632e+00
1.400000e+01	-4.120660e+01	1.550362e+02	7.101996e-01	1.156890e+00
1.400000e+01	-4.120660e+01	1.550362e+02	7.101996e-01	1.156890e+00
1.400000e+01	-6.664304e+01	1.521555e+02	9.353106e-01	2.976632e+00
1.400000e+01	-6.664304e+01	1.521555e+02	9.353106e-01	1.156890e+00
1.200000e+01	-6.566323e+01	1.587466e+02	1.146135e-01	7.132300e-01
1.800000e+01	-2.761585e+01	1.557546e+02	6.826735e-02	7.132300e-01
1.200000e+01	-6.566323e+01	1.587466e+02	1.146135e-01	3.880843e+00
1.200000e+01	-6.566323e+01	1.587466e+02	1.146135e-01	3.880843e+00
1.800000e+01	-2.761585e+01	1.557546e+02	6.826735e-02	7.132300e-01
1.800000e+01	-2.761585e+01	1.557546e+02	6.826735e-02	3.880843e+00
7.000000e+00	-7.193032e+01	1.577814e+02	4.278088e-01	3.411106e+00
1.000000e+01	-4.252420e+01	1.536758e+02	5.810650e-01	3.411106e+00
7.000000e+00	-7.193032e+01	1.577814e+02	4.278088e-01	6.995339e-01
7.000000e+00	-7.193032e+01	1.577814e+02	4.278088e-01	6.995339e-01
1.000000e+01	-4.252420e+01	1.536758e+02	5.810650e-01	3.411106e+00
1.000000e+01	-4.252420e+01	1.536758e+02	5.810650e-01	6.995339e-01
1.300000e+01	1.492444e+01	1.563500e+02	7.699592e-01	1.155496e+00
1.100000e+01	-6.517280e+00	1.621177e+02	4.171423e-01	1.155496e+00
1.300000e+01	1.492444e+01	1.563500e+02	7.699592e-01	2.471774e+00
1.300000e+01	1.492444e+01	1.563500e+02	7.699592e-01	2.471774e+00
1.100000e+01	-6.517280e+00	1.621177e+02	4.171423e-01	1.155496e+00
1.100000e+01	-6.517280e+00	1.621177e+02	4.171423e-01	2.471774e+00
1.400000e+01	-2.195594e+01	1.538913e+02	7.850343e-01	3.331998e+00
2.300000e+01	-1.838243e+00	1.524496e+02	8.178026e-01	3.331998e+00
1.400000e+01	-2.195594e+01	1.538913e+02	7.850343e-01	1.521535e+00
1.400000e+01	-2.195594e+01	1.538913e+02	7.850343e-01	1.521535e+00
2.300000e+01	-1.838243e+00	1.524496e+02	8.178026e-01	3.331998e+00
2.300000e+01	-1.838243e+00	1.524496e+02	8.178026e-01	1.521535e+00
8.000000e+00	4.920607e+00	1.557123e+02	3.764788e-01	1.107683e+00
1.700000e+01	-6.443674e+01	1.589705e+02	1.848598e-01	1.107683e+00
8.000000e+00	4.920607e+00	1.557123e+02	3.764788e-01	3.270656e+00
8.000000e+00	4.920607e+00	1.557123e+02	3.764788e-01	3.270656e+00
1.700000e+01	-6.443674e+01	1.589705e+02	1.848598e-01	1.107683e+00
1.700000e+01	-6.443674e+01	1.589705e+02	1.848598e-01	3.270656e+00
1.500000e+01	4.639446e-01	1.618345e+02	6.523544e-02	2.772867e+00
1.500000e+01	2.991098e+01	1.524318e+02	6.676586e-01	2.772867e+00
1.500000e+01	4.639446e-01	1.618345e+02	6.523544e-02	9.298587e-02
1.500000e+01	4.639446e-01	1.618345e+02	6.523544e-02	9.298587e-02
1.500000e+01	2.991098e+01	1.524318e+02	6.676586e-01	2.772867e+00
1.500000e+01	2.991098e+01	1.524318e+02	6.676586e-01	9.298587e-02
1.600000e+01	-6.308869e+01	1.523902e+02	7.194165e-01	5.407598e-01
1.400000e+01	-7.310573e+01	1.543883e+02	3.315863e-01	5.407598e-01
1.600000e+01	-6.308869e+01	1.523902e+02	7.194165e-01	2.824991e+00
1.600000e+01	-6.308869e+01	1.523902e+02	7.194165e-01	2.824991e+00
1.400000e+01	-7.310573e+01	1.543883e+02	3.315863e-01	5.407598e-01
1.400000e+01	-7.310573e+01	1.543883e+02	3.315863e-01	2.824991e+00
1.300000e+01	-6.950691e+01	1.562019e+02	5.375098e-01	2.330992e+00
1.200000e+01	-5.447371e+01	1.616087e+02	1.139940e-01	2.330992e+00
1.300000e+01	-6.950691e+01	1.562019e+02	5.375098e-01	2.199243e+00
1.300000e+01	-6.950691e+01	1.562019e+02	5.375098e-01	2.199243e+00
1.200000e+01	-5.447371e+01	1.616087e+02	1.139940e-01	2.330992e+00
1.200000e+01	-5.447371e+01	1.616087e+02	1.139940e-01	2.199243e+00
1.100000e+01	-7.112559e+01	1.583587e+02	1.289496e-01	1.290842e-01
1.500000e+01	-7.054839e+01	1.532275e+02	8.873261e-01	1.290842e-01
1.100000e+01	-7.112559e+01	1.583587e+02	1.289496e-01	9.720115e-01
1.100000e+01	-7.112559e+01	1.583587e+02	1.289496e-01	9.720115e-01
1.500000e+01	-7.054839e+01	1.532275e+02	8.873261e-01	1.290842e-01
1.500000e+01	-7.054839e+01	1.532275e+02	8.873261e-01	9.720115e-01
1.000000e+01	-8.474360e+01	1.562222e+02	3.196026e-01	3.759038e+00
1.300000e+01	-3.421892e+01	1.560076e+02	4.008577e-01	3.759038e+00
1.000000e+01	-8.474360e+01	1.562222e+02	3.196026e-01	3.655066e+00
1.000000e+01	-8.474360e+01	1.562222e+02	3.196026e-01	3.655066e+00
1.300000e+01	-3.421892e+01	1.560076e+02	4.008577e-01	3.759038e+00
1.300000e+01	-3.421892e+01	1.560076e+02	4.008577e-01	3.655066e+00
1.600000e+01	-2.614372e+01	1.542510e+02	9.737789e-01	1.564924e+00
1.500000e+01	-7.666967e-02	1.547953e+02	5.960675e-01	1.564924e+00
1.600000e+01	-2.614372e+01	1.542510e+02	9.737789e-01	1.382599e+00
1.600000e+01	-2.614372e+01	1.542510e+02	9.737789e-01	1.382599e+00
1.500000e+01	-7.666967e-02	1.547953e+02	5.960675e-01	1.564924e+00
1.500000e+01	-7.666967e-02	1.547953e+02	5.960675e-01	1.382599e+00
1.800000e+01	-1.397676e+01	1.522764e+02	9.268699e-01	2.606263e+00
1.900000e+01	-2.943216e+01	1.535260e+02	4.982545e-01	2.606263e+00
1.800000e+01	-1.397676e+01	1.522764e+02	9.268699e-01	5.529362e-01
1.800000e+01	-1.397676e+01	1.522764e+02	9.268699e-01	5.529362e-01
1.900000e+01	-2.943216e+01	1.535260e+02	4.982545e-01	2.606263e+00
1.900000e+01	-2.943216e+01	1.535260e+02	4.982545e-01	5.529362e-01
1.200000e+01	-8.311156e+01	1.599399e+02	2.729446e-01	8.493424e-01
1.300000e+01	1.708290e+00	1.570744e+02	5.059338e-01	8.493424e-01
1.200000e+01	-8.311156e+01	1.599399e+02	2.729446e-01	2.302756e+00
1.200000e+01	-8.311156e+01	1.599399e+02	2.729446e-01	2.302756e+00
1.300000e+01	1.708290e+00	1.570744e+02	5.059338e-01	8.493424e-01
1.300000e+01	1.708290e+00	1.570744e+02	5.059338e-01	2.302756e+00
1.400000e+01	-6.604129e+01	1.587759e+02	2.072161e-01	3.048499e+00
7.000000e+00	-3.254762e+01	1.645460e+02	1.656661e-02	3.048499e+00
1.400000e+01	-6.604129e+01	1.587759e+02	2.072161e-01	1.124265e+00
1.400000e+01	-6.604129e+01	1.587759e+02	2.072161e-01	1.124265e+00
7.000000e+00	-3.254762e+01	1.645460e+02	1.656661e-02	3.048499e+00
7.000000e+00	-3.254762e+01	1.645460e+02	1.656661e-02	1.124265e+00
9.000000e+00	-5.089185e+01	1.551973e+02	6.155543e-01	1.283785e+00
1.400000e+01	-1.009014e+01	1.527529e+02	9.773683e-01	1.283785e+00
9.000000e+00	-5.089185e+01	1.551973e+02	6.155543e-01	3.855021e+00
9.000000e+00	-5.089185e+01	1.551973e+02	6.155543e-01	3.855021e+00
1.400000e+01	-1.009014e+01	1.527529e+02	9.773683e-01	1.283785e+00
1.400000e+01	-1.009014e+01	1.527529e+02	9.773683e-01	3.855021e+00
1.700000e+01	-6.492340e+01	1.557046e+02	6.724456e-01	3.616056e+00
1.700000e+01	-6.615302e+01	1.542330e+02	7.030132e-01	3.616056e+00
1.700000e+01	-6.492340e+01	1.557046e+02	6.724456e-01	3.226099e+00
1.700000e+01	-6.492340e+01	1.557046e+02	6.724456e-01	3.226099e+00
1.700000e+01	-6.615302e+01	1.542330e+02	7.030132e-01	3.616056e+00
1.700000e+01	-6.615302e+01	1.542330e+02	7.030132e-01	3.226099e+00
1.700000e+01	-6.642822e+01	1.606625e+02	1.851744e-02	1.819199e+00
1.300000e+01	-3.407484e+01	1.557771e+02	3.044714e-01	1.819199e+00
1.700000e+01	-6.642822e+01	1.606625e+02	1.851744e-02	1.998656e+00
1.700000e+01	-6.642822e+01	1.606625e+02	1.851744e-02	1.998656e+00
1.300000e+01	-3.407484e+01	1.557771e+02	3.044714e-01	1.819199e+00
1.300000e+01	-3.407484e+01	1.557771e+02	3.044714e-01	1.998656e+00
1.000000e+01	-3.463319e+01	1.540405e+02	4.548054e-01	2.055530e+00
1.400000e+01	5.178134e+01	1.530753e+02	7.823565e-01	2.055530e+00
1.000000e+01	-3.463319e+01	1.540405e+02	4.548054e-01	2.689852e+00
1.000000e+01	-3.463319e+01	1.540405e+02	4.548054e-01	2.689852e+00
1.400000e+01	5.178134e+01	1.530753e+02	7.823565e-01	2.055530e+00
1.400000e+01	5.178134e+01	1.530753e+02	7.823565e-01	2.689852e+00
1.100000e+01	-6.492102e+01	1.544405e+02	8.631408e-01	2.664652e-01
5.000000e+00	-9.156291e+01	1.600772e+02	2.119441e-01	2.664652e-01
1.100000e+01	-6.492102e+01	1.544405e+02	8.631408e-01	4.191212e-01
1.100000e+01	-6.492102e+01	1.544405e+02	8.631408e-01	4.191212e-01
5.000000e+00	-9.156291e+01	1.600772e+02	2.119441e-01	2.664652e-01
5.000000e+00	-9.156291e+01	1.600772e+02	2.119441e-01	4.191212e-01
