0 0.0
500 7.0
1500 1.0
1000 8.0
1 0.0
501 0.0
1501 0.0
1001 16.0
2 0.0
502 19.0
1502 1.0
1002 22.0
3 2.0
503 23.0
1503 0.0
1003 6.0
4 0.0
1504 0.0
504 1.0
1004 6.0
5 2.0
1505 14.0
505 0.0
1005 27.0
6 1.0
1506 1.0
506 3.0
1006 20.0
7 7.0
1507 1.0
507 1.0
1007 9.0
8 2.0
1508 5.0
508 2.0
1008 4.0
1509 5.0
9 8.0
509 0.0
1009 3.0
10 0.0
1510 0.0
510 0.0
1010 4.0
1511 1.0
511 0.0
11 5.0
1011 0.0
1512 17.0
12 11.0
512 0.0
1012 34.0
1513 18.0
13 11.0
513 0.0
1013 6.0
1514 19.0
14 17.0
514 2.0
1014 8.0
1515 18.0
15 5.0
515 0.0
1015 11.0
1516 10.0
16 26.0
516 25.0
1016 32.0
1517 20.0
17 3.0
517 23.0
1017 1.0
1518 9.0
18 1.0
518 16.0
1018 16.0
1519 12.0
19 2.0
519 10.0
1019 9.0
1520 7.0
20 10.0
520 2.0
1020 2.0
1521 21.0
21 0.0
521 41.0
1021 3.0
22 7.0
1522 14.0
522 11.0
1022 2.0
23 2.0
1523 8.0
523 10.0
1023 2.0
24 5.0
1524 0.0
524 11.0
1024 2.0
25 8.0
1525 0.0
525 25.0
1025 1.0
26 10.0
1526 0.0
526 2.0
1026 0.0
27 6.0
1527 0.0
527 12.0
1027 0.0
28 0.0
1528 0.0
528 13.0
1028 0.0
29 8.0
529 9.0
1529 0.0
1029 4.0
30 0.0
1530 0.0
530 11.0
1030 4.0
31 0.0
531 11.0
1531 0.0
1031 1.0
1532 0.0
32 0.0
532 11.0
1032 0.0
1533 0.0
533 10.0
33 9.0
1033 0.0
534 14.0
34 0.0
1534 0.0
1034 0.0
1535 0.0
535 13.0
35 0.0
1035 0.0
536 17.0
36 0.0
1036 3.0
537 7.0
37 0.0
1037 1.0
538 8.0
38 0.0
1038 4.0
539 18.0
39 0.0
1039 3.0
540 0.0
40 1.0
1040 8.0
541 0.0
41 0.0
1041 1.0
542 0.0
42 1.0
1042 3.0
543 2.0
43 1.0
1043 3.0
544 0.0
44 1.0
1044 18.0
545 0.0
45 0.0
1045 20.0
546 0.0
46 0.0
1046 20.0
547 0.0
47 1.0
1047 38.0
548 0.0
48 0.0
1048 0.0
549 0.0
49 0.0
1049 16.0
550 0.0
50 1.0
1050 0.0
551 0.0
51 0.0
1051 0.0
552 0.0
52 16.0
1052 0.0
553 0.0
53 0.0
1053 33.0
554 0.0
54 11.0
1054 0.0
555 0.0
55 17.0
1055 0.0
556 1.0
56 17.0
1056 1.0
557 0.0
57 3.0
1057 1.0
558 1.0
58 10.0
1058 2.0
559 0.0
59 12.0
1059 16.0
560 0.0
60 1.0
1060 0.0
561 0.0
61 1.0
1061 6.0
562 2.0
62 1.0
1062 7.0
563 1.0
63 1.0
1063 11.0
564 16.0
64 0.0
1064 2.0
565 22.0
65 3.0
1065 17.0
566 23.0
66 0.0
1066 4.0
567 7.0
67 0.0
1067 14.0
568 8.0
68 0.0
1068 3.0
569 18.0
69 2.0
1069 6.0
570 2.0
70 0.0
1070 3.0
571 2.0
71 0.0
1071 1.0
572 7.0
72 31.0
1072 8.0
573 7.0
73 30.0
1073 0.0
574 4.0
74 32.0
1074 1.0
575 2.0
75 36.0
1075 1.0
576 0.0
76 0.0
1076 1.0
577 0.0
77 40.0
1077 0.0
578 0.0
78 3.0
1078 2.0
579 0.0
79 10.0
1079 1.0
580 0.0
80 1.0
1080 1.0
581 0.0
81 30.0
1081 2.0
582 0.0
82 7.0
1082 2.0
583 0.0
83 5.0
1083 1.0
584 0.0
84 1.0
1084 25.0
585 0.0
85 1.0
1085 0.0
586 0.0
86 1.0
1086 24.0
587 0.0
87 1.0
1087 34.0
588 11.0
88 2.0
1088 19.0
589 12.0
89 1.0
1089 0.0
590 5.0
90 4.0
1090 32.0
591 9.0
91 6.0
1091 38.0
592 8.0
92 2.0
1092 0.0
593 7.0
93 2.0
1093 0.0
594 6.0
94 3.0
1094 0.0
595 5.0
95 2.0
1095 4.0
596 4.0
96 0.0
1096 0.0
597 7.0
97 0.0
1097 1.0
598 8.0
98 0.0
1098 0.0
599 7.0
99 0.0
1099 0.0
600 8.0
100 0.0
1100 0.0
601 6.0
101 0.0
1101 5.0
602 9.0
102 0.0
1102 0.0
603 9.0
103 1.0
1103 0.0
604 0.0
104 1.0
1104 25.0
605 9.0
105 0.0
1105 16.0
606 2.0
106 5.0
1106 20.0
607 2.0
107 3.0
1107 30.0
608 2.0
108 4.0
1108 1.0
609 8.0
109 5.0
1109 19.0
610 1.0
110 6.0
1110 0.0
611 2.0
111 5.0
1111 0.0
612 0.0
112 0.0
1112 0.0
613 0.0
113 10.0
1113 35.0
614 0.0
114 1.0
1114 3.0
615 0.0
115 0.0
1115 0.0
616 28.0
116 1.0
1116 0.0
617 0.0
117 11.0
1117 0.0
618 43.0
118 0.0
1118 0.0
619 44.0
119 1.0
1119 0.0
620 33.0
120 0.0
1120 1.0
621 0.0
121 0.0
1121 0.0
622 46.0
122 1.0
1122 0.0
623 34.0
123 1.0
1123 0.0
624 0.0
124 5.0
1124 0.0
625 0.0
125 0.0
1125 0.0
626 0.0
126 1.0
1126 1.0
627 0.0
127 1.0
1127 0.0
628 3.0
128 3.0
1128 2.0
629 0.0
129 1.0
1129 1.0
630 0.0
130 1.0
1130 2.0
631 0.0
131 1.0
1131 0.0
632 0.0
132 5.0
1132 0.0
633 0.0
133 6.0
1133 0.0
634 1.0
134 3.0
1134 0.0
635 0.0
135 7.0
1135 0.0
636 1.0
136 1.0
1136 0.0
637 3.0
137 0.0
1137 0.0
638 1.0
138 0.0
1138 0.0
639 6.0
139 0.0
1139 0.0
640 1.0
140 0.0
1140 3.0
641 2.0
141 2.0
1141 6.0
642 6.0
142 0.0
1142 5.0
643 7.0
143 0.0
1143 6.0
644 3.0
144 0.0
1144 13.0
645 8.0
145 3.0
1145 7.0
646 6.0
146 1.0
1146 7.0
647 5.0
147 0.0
1147 6.0
648 18.0
148 6.0
1148 9.0
649 15.0
149 0.0
1149 5.0
650 22.0
150 0.0
1150 6.0
651 9.0
151 0.0
1151 8.0
652 5.0
152 4.0
1152 0.0
653 33.0
153 0.0
1153 0.0
654 6.0
154 0.0
1154 0.0
655 3.0
155 0.0
1155 0.0
656 12.0
156 17.0
1156 0.0
657 26.0
157 15.0
1157 1.0
658 6.0
158 13.0
1158 0.0
659 2.0
159 8.0
1159 0.0
660 1.0
160 8.0
1160 0.0
661 1.0
161 6.0
1161 1.0
662 1.0
162 0.0
1162 0.0
663 1.0
163 0.0
1163 0.0
664 1.0
164 0.0
1164 1.0
665 0.0
165 6.0
1165 1.0
666 0.0
166 3.0
1166 1.0
667 0.0
167 0.0
1167 0.0
668 0.0
168 0.0
1168 6.0
669 0.0
169 0.0
1169 0.0
670 0.0
170 0.0
1170 1.0
671 0.0
171 0.0
1171 0.0
672 0.0
172 0.0
1172 2.0
673 0.0
173 2.0
1173 0.0
674 0.0
174 1.0
1174 3.0
675 1.0
175 1.0
1175 1.0
676 6.0
176 1.0
1176 0.0
677 1.0
177 5.0
1177 0.0
678 18.0
178 0.0
1178 0.0
679 18.0
179 1.0
1179 0.0
680 5.0
180 0.0
1180 0.0
681 0.0
181 0.0
1181 0.0
682 13.0
182 0.0
1182 0.0
683 17.0
183 0.0
1183 0.0
684 12.0
184 3.0
1184 0.0
685 27.0
185 1.0
1185 0.0
686 13.0
186 44.0
1186 0.0
687 9.0
187 38.0
1187 0.0
688 0.0
188 17.0
1188 23.0
689 11.0
189 0.0
1189 17.0
690 0.0
190 37.0
1190 25.0
691 1.0
191 45.0
1191 10.0
692 0.0
192 27.0
1192 26.0
693 7.0
193 23.0
1193 17.0
694 0.0
194 20.0
1194 10.0
695 1.0
195 13.0
1195 14.0
696 0.0
196 17.0
1196 21.0
697 0.0
197 26.0
1197 10.0
698 0.0
198 7.0
1198 10.0
699 8.0
199 7.0
1199 11.0
700 0.0
200 16.0
1200 6.0
701 0.0
201 13.0
1201 5.0
702 3.0
202 6.0
1202 4.0
703 0.0
203 10.0
1203 0.0
704 0.0
204 0.0
1204 3.0
705 3.0
205 0.0
1205 8.0
706 2.0
206 0.0
1206 6.0
707 4.0
207 0.0
1207 6.0
708 6.0
208 0.0
1208 7.0
709 5.0
209 0.0
1209 1.0
710 5.0
210 0.0
1210 0.0
711 4.0
211 0.0
1211 5.0
712 6.0
212 0.0
1212 1.0
713 6.0
213 0.0
1213 1.0
714 3.0
214 0.0
1214 1.0
715 3.0
215 0.0
1215 1.0
716 5.0
216 1.0
1216 1.0
717 2.0
217 2.0
1217 0.0
718 4.0
218 2.0
1218 1.0
719 3.0
219 1.0
1219 0.0
720 0.0
220 13.0
1220 0.0
721 0.0
221 2.0
1221 0.0
722 1.0
222 3.0
1222 2.0
723 0.0
223 1.0
1223 0.0
724 0.0
224 9.0
1224 0.0
725 3.0
225 0.0
1225 0.0
726 1.0
226 8.0
1226 0.0
727 1.0
227 1.0
1227 2.0
728 1.0
228 1.0
1228 9.0
729 1.0
229 1.0
1229 0.0
730 0.0
230 1.0
1230 33.0
731 1.0
231 3.0
1231 32.0
732 20.0
232 0.0
1232 13.0
733 27.0
233 1.0
1233 0.0
734 30.0
234 3.0
1234 33.0
735 22.0
235 4.0
1235 30.0
736 17.0
236 1.0
1236 21.0
737 3.0
237 5.0
1237 16.0
738 7.0
238 1.0
1238 18.0
739 5.0
239 4.0
1239 11.0
740 3.0
240 6.0
1240 1.0
741 8.0
241 1.0
1241 16.0
742 15.0
242 4.0
1242 0.0
743 8.0
243 9.0
1243 0.0
744 7.0
244 0.0
1244 0.0
745 4.0
245 3.0
1245 9.0
746 5.0
246 0.0
1246 1.0
747 4.0
247 0.0
1247 0.0
748 3.0
248 0.0
1248 5.0
749 3.0
249 11.0
1249 2.0
750 0.0
250 0.0
1250 5.0
751 1.0
251 0.0
1251 4.0
752 0.0
252 0.0
1252 15.0
753 6.0
253 0.0
1253 14.0
754 4.0
254 0.0
1254 14.0
755 1.0
255 0.0
1255 9.0
756 1.0
256 32.0
1256 17.0
757 0.0
257 0.0
1257 10.0
758 1.0
258 21.0
1258 13.0
759 0.0
259 19.0
1259 9.0
760 2.0
260 30.0
1260 0.0
761 1.0
261 0.0
1261 0.0
762 2.0
262 34.0
1262 0.0
763 1.0
263 22.0
1263 0.0
764 3.0
264 6.0
1264 0.0
765 1.0
265 2.0
1265 0.0
766 3.0
266 1.0
1266 0.0
767 3.0
267 1.0
1267 0.0
768 0.0
268 1.0
1268 0.0
769 0.0
269 0.0
1269 0.0
770 0.0
270 0.0
1270 0.0
771 2.0
271 0.0
1271 1.0
772 24.0
272 0.0
1272 0.0
773 0.0
273 0.0
1273 0.0
774 8.0
274 1.0
1274 0.0
775 10.0
275 0.0
1275 0.0
776 18.0
276 3.0
1276 0.0
777 0.0
277 4.0
1277 5.0
778 22.0
278 5.0
1278 4.0
779 16.0
279 8.0
1279 5.0
780 8.0
280 0.0
1280 6.0
781 9.0
281 11.0
1281 2.0
782 7.0
282 14.0
1282 1.0
783 9.0
283 12.0
1283 5.0
784 1.0
284 8.0
1284 7.0
785 7.0
285 13.0
1285 6.0
786 1.0
286 3.0
1286 6.0
787 1.0
287 11.0
1287 5.0
788 1.0
288 11.0
1288 1.0
789 19.0
289 15.0
1289 1.0
790 1.0
290 10.0
1290 0.0
791 1.0
291 8.0
1291 0.0
792 5.0
292 3.0
1292 0.0
793 5.0
293 6.0
1293 6.0
794 5.0
294 0.0
1294 1.0
795 2.0
295 0.0
1295 0.0
796 4.0
296 1.0
1296 37.0
797 1.0
297 3.0
1297 35.0
798 0.0
298 1.0
1298 40.0
799 0.0
299 1.0
1299 14.0
800 7.0
300 0.0
1300 0.0
801 1.0
301 0.0
1301 43.0
802 2.0
302 0.0
1302 0.0
803 0.0
303 0.0
1303 0.0
804 0.0
304 0.0
1304 0.0
805 0.0
305 1.0
1305 25.0
806 0.0
306 1.0
1306 0.0
807 0.0
307 1.0
1307 0.0
808 1.0
308 2.0
1308 1.0
809 0.0
309 1.0
1309 1.0
810 0.0
310 0.0
1310 1.0
811 0.0
311 1.0
1311 0.0
812 0.0
312 0.0
1312 7.0
813 0.0
313 0.0
1313 1.0
814 0.0
314 1.0
1314 21.0
815 0.0
315 0.0
1315 30.0
816 1.0
316 1.0
1316 12.0
817 0.0
317 0.0
1317 2.0
818 0.0
318 0.0
1318 30.0
819 1.0
319 0.0
1319 17.0
820 1.0
320 0.0
1320 0.0
821 0.0
321 0.0
1321 0.0
822 1.0
322 1.0
1322 0.0
823 0.0
323 0.0
1323 0.0
824 0.0
324 30.0
1324 2.0
825 0.0
325 41.0
1325 1.0
826 1.0
326 33.0
1326 1.0
827 0.0
327 35.0
1327 1.0
828 0.0
328 18.0
1328 3.0
829 0.0
329 35.0
1329 1.0
830 2.0
330 22.0
1330 0.0
831 0.0
331 22.0
1331 1.0
832 0.0
332 14.0
1332 2.0
833 6.0
333 24.0
1333 2.0
834 7.0
334 7.0
1334 3.0
835 4.0
335 12.0
1335 4.0
836 7.0
336 9.0
1336 5.0
837 3.0
337 7.0
1337 1.0
838 0.0
338 8.0
1338 3.0
839 6.0
339 18.0
1339 5.0
840 1.0
340 5.0
1340 3.0
841 3.0
341 4.0
1341 1.0
842 1.0
342 19.0
1342 7.0
843 1.0
343 11.0
1343 3.0
844 1.0
344 4.0
1344 0.0
845 6.0
345 19.0
1345 0.0
846 7.0
346 20.0
1346 1.0
847 7.0
347 16.0
1347 0.0
848 7.0
348 0.0
1348 7.0
849 6.0
349 0.0
1349 0.0
850 1.0
350 0.0
1350 1.0
851 5.0
351 0.0
1351 0.0
852 7.0
352 0.0
1352 5.0
853 5.0
353 0.0
1353 0.0
854 7.0
354 0.0
1354 0.0
855 4.0
355 0.0
1355 0.0
856 15.0
356 0.0
1356 17.0
857 3.0
357 0.0
1357 15.0
858 6.0
358 0.0
1358 10.0
859 3.0
359 0.0
1359 33.0
860 6.0
360 1.0
1360 0.0
861 0.0
361 0.0
1361 17.0
862 4.0
362 1.0
1362 2.0
863 3.0
363 1.0
1363 6.0
864 2.0
364 6.0
1364 1.0
865 2.0
365 1.0
1365 46.0
866 2.0
366 5.0
1366 1.0
867 3.0
367 6.0
1367 4.0
868 3.0
368 6.0
1368 3.0
869 1.0
369 1.0
1369 3.0
870 0.0
370 6.0
1370 2.0
871 1.0
371 6.0
1371 7.0
872 2.0
372 26.0
1372 26.0
873 1.0
373 35.0
1373 0.0
874 3.0
374 24.0
1374 26.0
875 1.0
375 21.0
1375 35.0
876 0.0
376 0.0
1376 27.0
877 3.0
377 24.0
1377 0.0
878 0.0
378 0.0
1378 35.0
879 1.0
379 0.0
1379 29.0
880 0.0
380 2.0
1380 1.0
881 0.0
381 15.0
1381 0.0
882 2.0
382 0.0
1382 0.0
883 1.0
383 0.0
1383 0.0
884 0.0
384 23.0
1384 0.0
885 1.0
385 37.0
1385 2.0
886 2.0
386 27.0
1386 1.0
887 2.0
387 33.0
1387 1.0
888 43.0
388 6.0
1388 1.0
889 40.0
389 34.0
1389 1.0
890 48.0
390 1.0
1390 0.0
891 14.0
391 2.0
1391 1.0
892 0.0
392 1.0
1392 2.0
893 47.0
393 30.0
1393 2.0
894 0.0
394 4.0
1394 2.0
895 0.0
395 1.0
1395 2.0
896 0.0
396 0.0
1396 2.0
897 12.0
397 0.0
1397 0.0
898 0.0
398 0.0
1398 1.0
899 0.0
399 0.0
1399 1.0
900 0.0
400 0.0
1400 1.0
901 0.0
401 0.0
1401 0.0
902 0.0
402 0.0
1402 2.0
903 0.0
403 0.0
1403 1.0
904 8.0
404 0.0
1404 3.0
905 0.0
405 0.0
1405 3.0
906 12.0
406 0.0
1406 2.0
907 10.0
407 0.0
1407 15.0
908 5.0
408 4.0
1408 1.0
909 0.0
409 3.0
1409 0.0
910 14.0
410 3.0
1410 5.0
911 11.0
411 3.0
1411 4.0
912 1.0
412 16.0
1412 0.0
913 1.0
413 9.0
1413 10.0
914 1.0
414 22.0
1414 3.0
915 0.0
415 19.0
1415 3.0
916 1.0
416 19.0
1416 1.0
917 0.0
417 2.0
1417 1.0
918 4.0
418 20.0
1418 1.0
919 0.0
419 20.0
1419 3.0
920 1.0
420 1.0
1420 0.0
921 0.0
421 1.0
1421 4.0
922 8.0
422 0.0
1422 0.0
923 1.0
423 1.0
1423 0.0
924 14.0
424 0.0
1424 0.0
925 18.0
425 0.0
1425 6.0
926 17.0
426 0.0
1426 0.0
927 6.0
427 0.0
1427 0.0
928 5.0
428 0.0
1428 0.0
929 17.0
429 0.0
1429 3.0
930 2.0
430 0.0
1430 3.0
931 1.0
431 0.0
1431 0.0
932 2.0
432 3.0
1432 21.0
933 6.0
433 6.0
1433 7.0
934 1.0
434 3.0
1434 9.0
935 1.0
435 13.0
1435 9.0
936 14.0
436 0.0
1436 18.0
937 11.0
437 1.0
1437 4.0
938 12.0
438 0.0
1438 14.0
939 4.0
439 2.0
1439 14.0
940 41.0
440 0.0
1440 1.0
941 6.0
441 14.0
1441 3.0
942 24.0
442 0.0
1442 3.0
943 28.0
443 0.0
1443 1.0
944 34.0
444 2.0
1444 1.0
945 3.0
445 0.0
1445 0.0
946 23.0
446 0.0
1446 0.0
947 24.0
447 0.0
1447 0.0
948 0.0
448 6.0
1448 0.0
949 0.0
449 0.0
1449 0.0
950 0.0
450 1.0
1450 0.0
951 1.0
451 2.0
1451 0.0
952 0.0
452 7.0
1452 1.0
953 1.0
453 0.0
1453 0.0
954 4.0
454 1.0
1454 0.0
955 4.0
455 1.0
1455 0.0
956 1.0
456 7.0
1456 20.0
957 3.0
457 9.0
1457 1.0
958 2.0
458 9.0
1458 4.0
959 3.0
459 6.0
1459 8.0
960 1.0
460 1.0
1460 11.0
961 6.0
461 0.0
1461 0.0
962 2.0
462 0.0
1462 17.0
963 1.0
463 0.0
1463 10.0
964 0.0
464 0.0
1464 31.0
965 0.0
465 0.0
1465 29.0
966 0.0
466 0.0
1466 29.0
967 0.0
467 0.0
1467 31.0
968 0.0
468 0.0
1468 1.0
969 0.0
469 1.0
1469 32.0
970 0.0
470 0.0
1470 10.0
971 0.0
471 0.0
1471 7.0
972 0.0
472 18.0
1472 7.0
973 3.0
473 4.0
1473 39.0
974 0.0
474 5.0
1474 0.0
975 0.0
475 15.0
1475 7.0
976 18.0
476 15.0
1476 0.0
977 3.0
477 3.0
1477 0.0
978 18.0
478 11.0
1478 0.0
979 13.0
479 12.0
1479 0.0
980 19.0
480 0.0
1480 1.0
981 5.0
481 1.0
1481 0.0
982 9.0
482 0.0
1482 1.0
983 12.0
483 0.0
1483 1.0
984 0.0
484 0.0
1484 1.0
985 0.0
485 0.0
1485 0.0
986 0.0
486 0.0
1486 0.0
987 0.0
487 0.0
1487 1.0
988 0.0
488 0.0
1488 0.0
989 1.0
489 1.0
1489 0.0
990 1.0
490 0.0
1490 0.0
991 1.0
491 0.0
1491 0.0
992 1.0
492 0.0
1492 1.0
993 1.0
493 0.0
1493 0.0
994 0.0
494 0.0
1494 8.0
995 1.0
495 0.0
1495 10.0
996 25.0
496 7.0
1496 0.0
997 21.0
497 0.0
1497 0.0
998 23.0
498 23.0
1498 6.0
999 26.0
499 30.0
1499 6.0
