0 1.1767410687888344 284.59050714146485
1 1.1767410687888344 284.59050714146485
2 1.1767410687888344 284.59050714146485
3 1.1767410687888344 284.59050714146485
4 1.1707036908040271 283.99280672096893
5 1.1707036908040271 283.99280672096893
6 1.1707036908040271 283.99280672096893
7 1.1707036908040271 283.99280672096893
8 1.1767410687888344 284.59050714146485
9 1.1707036908040271 283.99280672096893
10 1.3147159416949885 298.2500195591741
11 1.3147159416949885 298.2500195591741
12 1.3147159416949885 298.2500195591741
13 1.3147159416949885 298.2500195591741
14 1.3147159416949885 298.2500195591741
15 1.3147159416949885 298.2500195591741
16 1.3147159416949885 298.2500195591741
17 1.3147159416949885 298.2500195591741
18 1.3147159416949885 298.2500195591741
19 1.3147159416949885 298.2500195591741
20 0.07208140642214318 175.12711910907882
21 0.07208140642214318 175.12711910907882
22 0.07208140642214318 175.12711910907882
23 0.07208140642214318 175.12711910907882
24 1.3147159416949885 298.2500195591741
25 1.3147159416949885 298.2500195591741
26 1.3147159416949885 298.2500195591741
27 1.3147159416949885 298.2500195591741
28 0.07208140642214318 175.12711910907882
29 1.3147159416949885 298.2500195591741
30 1.3147159416949885 298.2500195591741
31 1.3147159416949885 298.2500195591741
32 1.3147159416949885 298.2500195591741
33 1.3147159416949885 298.2500195591741
34 0.5120673495884598 218.66707056046988
35 0.5120673495884598 218.66707056046988
36 0.5120673495884598 218.66707056046988
37 0.5120673495884598 218.66707056046988
38 1.3147159416949885 298.2500195591741
39 0.5120673495884598 218.66707056046988
40 1.3147159416949885 298.2500195591741
41 1.3147159416949885 298.2500195591741
42 1.3147159416949885 298.2500195591741
43 1.3147159416949885 298.2500195591741
44 1.3147159416949885 298.2500195591741
45 1.3147159416949885 298.2500195591741
46 1.3147159416949885 298.2500195591741
47 1.3147159416949885 298.2500195591741
48 1.3147159416949885 298.2500195591741
49 1.3147159416949885 298.2500195591741
50 0.8335578387833275 250.61536737091967
51 0.8335578387833275 250.61536737091967
52 0.8335578387833275 250.61536737091967
53 0.8335578387833275 250.61536737091967
54 1.0301882872303993 270.0817817671798
55 1.0301882872303993 270.0817817671798
56 1.0301882872303993 270.0817817671798
57 1.0301882872303993 270.0817817671798
58 0.8335578387833275 250.61536737091967
59 1.0301882872303993 270.0817817671798
60 1.3147159416949885 298.2500195591741
61 1.3147159416949885 298.2500195591741
62 1.3147159416949885 298.2500195591741
63 1.3147159416949885 298.2500195591741
64 1.114551636723703 278.43375336701683
65 1.114551636723703 278.43375336701683
66 1.114551636723703 278.43375336701683
67 1.114551636723703 278.43375336701683
68 1.3147159416949885 298.2500195591741
69 1.114551636723703 278.43375336701683
70 1.3147159416949885 298.2500195591741
71 1.3147159416949885 298.2500195591741
72 1.3147159416949885 298.2500195591741
73 1.3147159416949885 298.2500195591741
74 1.3147159416949885 298.2500195591741
75 1.3147159416949885 298.2500195591741
76 1.3147159416949885 298.2500195591741
77 1.3147159416949885 298.2500195591741
78 1.3147159416949885 298.2500195591741
79 1.3147159416949885 298.2500195591741
80 1.3111218294259184 297.8942024445362
81 1.3111218294259184 297.8942024445362
82 1.3111218294259184 297.8942024445362
83 1.3111218294259184 297.8942024445362
84 1.3147159416949885 298.2500195591741
85 1.3147159416949885 298.2500195591741
86 1.3147159416949885 298.2500195591741
87 1.3147159416949885 298.2500195591741
88 1.3111218294259184 297.8942024445362
89 1.3147159416949885 298.2500195591741
90 1.3147159416949885 298.2500195591741
91 1.3147159416949885 298.2500195591741
92 1.3147159416949885 298.2500195591741
93 1.3147159416949885 298.2500195591741
94 1.1130038034919063 278.280517877069
95 1.1130038034919063 278.280517877069
96 1.1130038034919063 278.280517877069
97 1.1130038034919063 278.280517877069
98 1.3147159416949885 298.2500195591741
99 1.1130038034919063 278.280517877069
100 1.1707036908040271 283.99280672096893
101 1.1707036908040271 283.99280672096893
102 1.1707036908040271 283.99280672096893
103 1.1707036908040271 283.99280672096893
104 1.2254376178613948 289.41146549964833
105 1.2254376178613948 289.41146549964833
106 1.2254376178613948 289.41146549964833
107 1.2254376178613948 289.41146549964833
108 1.1707036908040271 283.99280672096893
109 1.2254376178613948 289.41146549964833
110 1.3147159416949885 298.2500195591741
111 1.3147159416949885 298.2500195591741
112 1.3147159416949885 298.2500195591741
113 1.3147159416949885 298.2500195591741
114 1.3147159416949885 298.2500195591741
115 1.3147159416949885 298.2500195591741
116 1.3147159416949885 298.2500195591741
117 1.3147159416949885 298.2500195591741
118 1.3147159416949885 298.2500195591741
119 1.3147159416949885 298.2500195591741
120 1.3147159416949885 298.2500195591741
121 1.3147159416949885 298.2500195591741
122 1.3147159416949885 298.2500195591741
123 1.3147159416949885 298.2500195591741
124 1.3147159416949885 298.2500195591741
125 1.3147159416949885 298.2500195591741
126 1.3147159416949885 298.2500195591741
127 1.3147159416949885 298.2500195591741
128 1.3147159416949885 298.2500195591741
129 1.3147159416949885 298.2500195591741
130 1.2254376178613948 289.41146549964833
131 1.114551636723703 278.43375336701683
132 1.2254376178613948 289.41146549964833
133 1.2254376178613948 289.41146549964833
134 1.3147159416949885 298.2500195591741
135 1.3147159416949885 298.2500195591741
136 1.3147159416949885 298.2500195591741
137 1.3147159416949885 298.2500195591741
138 1.114551636723703 278.43375336701683
139 1.3147159416949885 298.2500195591741
140 1.3147159416949885 298.2500195591741
141 1.3147159416949885 298.2500195591741
142 1.3147159416949885 298.2500195591741
143 1.3147159416949885 298.2500195591741
144 1.3147159416949885 298.2500195591741
145 1.3147159416949885 298.2500195591741
146 1.3147159416949885 298.2500195591741
147 1.3147159416949885 298.2500195591741
148 1.3147159416949885 298.2500195591741
149 1.3147159416949885 298.2500195591741
150 0.23089844261701928 190.85000569237155
151 0.23089844261701928 190.85000569237155
152 0.23089844261701928 190.85000569237155
153 0.23089844261701928 190.85000569237155
154 0.07208140642214318 175.12711910907882
155 0.07208140642214318 175.12711910907882
156 0.07208140642214318 175.12711910907882
157 0.07208140642214318 175.12711910907882
158 0.23089844261701928 190.85000569237155
159 0.07208140642214318 175.12711910907882
160 1.3147159416949885 298.2500195591741
161 1.3147159416949885 298.2500195591741
162 1.3147159416949885 298.2500195591741
163 1.3147159416949885 298.2500195591741
164 1.3147159416949885 298.2500195591741
165 1.3147159416949885 298.2500195591741
166 1.3147159416949885 298.2500195591741
167 1.3147159416949885 298.2500195591741
168 1.3147159416949885 298.2500195591741
169 1.3147159416949885 298.2500195591741
170 1.3147159416949885 298.2500195591741
171 1.3147159416949885 298.2500195591741
172 1.3147159416949885 298.2500195591741
173 1.3147159416949885 298.2500195591741
174 0.11478098323568081 179.35437721361905
175 0.11478098323568081 179.35437721361905
176 0.11478098323568081 179.35437721361905
177 0.11478098323568081 179.35437721361905
178 1.3147159416949885 298.2500195591741
179 0.11478098323568081 179.35437721361905
180 1.3147159416949885 298.2500195591741
181 1.3147159416949885 298.2500195591741
182 1.3147159416949885 298.2500195591741
183 1.3147159416949885 298.2500195591741
184 1.3147159416949885 298.2500195591741
185 1.3147159416949885 298.2500195591741
186 1.3718686652798044 303.9081391940709
187 1.3718686652798044 303.9081391940709
188 1.3147159416949885 298.2500195591741
189 1.3718686652798044 303.9081391940709
190 0.7081646783332144 238.20144448635847
191 0.7081646783332144 238.20144448635847
192 0.7081646783332144 238.20144448635847
193 0.7081646783332144 238.20144448635847
194 1.3147159416949885 298.2500195591741
195 1.3147159416949885 298.2500195591741
196 1.3147159416949885 298.2500195591741
197 1.3147159416949885 298.2500195591741
198 0.7081646783332144 238.20144448635847
199 1.3147159416949885 298.2500195591741
200 0.07208140642214318 175.12711910907882
201 0.07208140642214318 175.12711910907882
202 0.07208140642214318 175.12711910907882
203 0.07208140642214318 175.12711910907882
204 1.1767410687888344 284.59050714146485
205 1.1767410687888344 284.59050714146485
206 1.1767410687888344 284.59050714146485
207 1.1767410687888344 284.59050714146485
208 0.07208140642214318 175.12711910907882
209 1.1767410687888344 284.59050714146485
210 1.3147159416949885 298.2500195591741
211 1.3147159416949885 298.2500195591741
212 1.3147159416949885 298.2500195591741
213 1.3147159416949885 298.2500195591741
214 1.3147159416949885 298.2500195591741
215 1.3147159416949885 298.2500195591741
216 1.3147159416949885 298.2500195591741
217 1.3147159416949885 298.2500195591741
218 1.3147159416949885 298.2500195591741
219 1.3147159416949885 298.2500195591741
220 1.2254376178613948 289.41146549964833
221 1.2254376178613948 289.41146549964833
222 1.2254376178613948 289.41146549964833
223 1.2254376178613948 289.41146549964833
224 1.3147159416949885 298.2500195591741
225 1.3147159416949885 298.2500195591741
226 1.3147159416949885 298.2500195591741
227 1.3147159416949885 298.2500195591741
228 1.2254376178613948 289.41146549964833
229 1.3147159416949885 298.2500195591741
230 1.3147159416949885 298.2500195591741
231 1.3147159416949885 298.2500195591741
232 1.3147159416949885 298.2500195591741
233 1.3147159416949885 298.2500195591741
234 0.8486933324632732 252.1137812452343
235 0.8486933324632732 252.1137812452343
236 0.8486933324632732 252.1137812452343
237 0.8486933324632732 252.1137812452343
238 1.3147159416949885 298.2500195591741
239 0.8486933324632732 252.1137812452343
240 1.3147159416949885 298.2500195591741
241 1.3147159416949885 298.2500195591741
242 1.3147159416949885 298.2500195591741
243 1.3147159416949885 298.2500195591741
244 1.1365494584856588 280.6115377214505
245 1.1365494584856588 280.6115377214505
246 1.1365494584856588 280.6115377214505
247 1.1365494584856588 280.6115377214505
248 1.3147159416949885 298.2500195591741
249 1.1365494584856588 280.6115377214505
250 0.5109697865629586 218.67915020110314
251 0.5109697865629586 218.67915020110314
252 0.5109697865629586 218.67915020110314
253 0.5109697865629586 218.67915020110314
254 1.3147159416949885 298.2500195591741
255 1.3147159416949885 298.2500195591741
256 1.3147159416949885 298.2500195591741
257 1.3147159416949885 298.2500195591741
258 0.5109697865629586 218.67915020110314
259 1.3147159416949885 298.2500195591741
260 1.3147159416949885 298.2500195591741
261 1.3147159416949885 298.2500195591741
262 1.3147159416949885 298.2500195591741
263 1.3147159416949885 298.2500195591741
264 1.3147159416949885 298.2500195591741
265 1.3147159416949885 298.2500195591741
266 1.3147159416949885 298.2500195591741
267 1.3147159416949885 298.2500195591741
268 1.3147159416949885 298.2500195591741
269 1.3147159416949885 298.2500195591741
270 1.106277955153266 277.61465889154357
271 1.106277955153266 277.61465889154357
272 1.106277955153266 277.61465889154357
273 1.106277955153266 277.61465889154357
274 1.2356636247828436 290.4238401848718
275 1.2356636247828436 290.4238401848718
276 1.2356636247828436 290.4238401848718
277 1.2356636247828436 290.4238401848718
278 1.106277955153266 277.61465889154357
279 1.2356636247828436 290.4238401848718
280 1.1707036908040271 283.99280672096893
281 1.1707036908040271 283.99280672096893
282 1.1707036908040271 283.99280672096893
283 1.1707036908040271 283.99280672096893
284 1.3147159416949885 298.2500195591741
285 1.3147159416949885 298.2500195591741
286 1.3147159416949885 298.2500195591741
287 1.3147159416949885 298.2500195591741
288 1.1707036908040271 283.99280672096893
289 1.3147159416949885 298.2500195591741
290 1.3147159416949885 298.2500195591741
291 1.3147159416949885 298.2500195591741
292 1.3147159416949885 298.2500195591741
293 1.3147159416949885 298.2500195591741
294 0.30026715978841173 197.69885177026512
295 0.30026715978841173 197.69885177026512
296 0.30026715978841173 197.69885177026512
297 0.30026715978841173 197.69885177026512
298 1.3147159416949885 298.2500195591741
299 0.30026715978841173 197.69885177026512
300 1.044169848259927 271.46595630910303
301 1.044169848259927 271.46595630910303
302 1.044169848259927 271.46595630910303
303 1.044169848259927 271.46595630910303
304 1.1707036908040271 283.99280672096893
305 1.1707036908040271 283.99280672096893
306 1.1707036908040271 283.99280672096893
307 1.1707036908040271 283.99280672096893
308 1.044169848259927 271.46595630910303
309 1.1707036908040271 283.99280672096893
310 1.3147159416949885 298.2500195591741
311 1.3147159416949885 298.2500195591741
312 1.3147159416949885 298.2500195591741
313 1.3147159416949885 298.2500195591741
314 1.3147159416949885 298.2500195591741
315 1.3147159416949885 298.2500195591741
316 1.3147159416949885 298.2500195591741
317 1.3147159416949885 298.2500195591741
318 1.3147159416949885 298.2500195591741
319 1.3147159416949885 298.2500195591741
320 1.3147159416949885 298.2500195591741
321 1.3147159416949885 298.2500195591741
322 1.3147159416949885 298.2500195591741
323 1.3147159416949885 298.2500195591741
324 1.3147159416949885 298.2500195591741
325 1.3147159416949885 298.2500195591741
326 1.3147159416949885 298.2500195591741
327 1.3147159416949885 298.2500195591741
328 1.3147159416949885 298.2500195591741
329 1.3147159416949885 298.2500195591741
330 1.1971346866512897 286.60947530984794
331 1.1971346866512897 286.60947530984794
332 1.1971346866512897 286.60947530984794
333 1.1971346866512897 286.60947530984794
334 1.106277955153266 277.61465889154357
335 1.106277955153266 277.61465889154357
336 1.106277955153266 277.61465889154357
337 1.106277955153266 277.61465889154357
338 1.1971346866512897 286.60947530984794
339 1.106277955153266 277.61465889154357
340 1.3147159416949885 298.2500195591741
341 1.3147159416949885 298.2500195591741
342 1.3147159416949885 298.2500195591741
343 1.3147159416949885 298.2500195591741
344 1.0452902631420031 271.57687738242856
345 1.0452902631420031 271.57687738242856
346 1.0452902631420031 271.57687738242856
347 1.0452902631420031 271.57687738242856
348 1.3147159416949885 298.2500195591741
349 1.0452902631420031 271.57687738242856
350 0.11478098323568081 179.35437721361905
351 0.11478098323568081 179.35437721361905
352 0.11478098323568081 179.35437721361905
353 0.11478098323568081 179.35437721361905
354 1.3147159416949885 298.2500195591741
355 1.3147159416949885 298.2500195591741
356 1.3147159416949885 298.2500195591741
357 1.3147159416949885 298.2500195591741
358 0.11478098323568081 179.35437721361905
359 1.3147159416949885 298.2500195591741
360 0.6763024483141106 235.0470837144672
361 0.6763024483141106 235.0470837144672
362 0.6763024483141106 235.0470837144672
363 0.6763024483141106 235.0470837144672
364 0.22515817367758414 190.28171906736748
365 0.22515817367758414 190.28171906736748
366 0.22515817367758414 190.28171906736748
367 0.22515817367758414 190.28171906736748
368 0.6763024483141106 235.0470837144672
369 0.22515817367758414 190.28171906736748
370 1.3147159416949885 298.2500195591741
371 1.3147159416949885 298.2500195591741
372 1.3147159416949885 298.2500195591741
373 1.3147159416949885 298.2500195591741
374 1.3147159416949885 298.2500195591741
375 1.3147159416949885 298.2500195591741
376 1.3147159416949885 298.2500195591741
377 1.3147159416949885 298.2500195591741
378 1.3147159416949885 298.2500195591741
379 1.3147159416949885 298.2500195591741
380 1.3147159416949885 298.2500195591741
381 1.3147159416949885 298.2500195591741
382 1.3147159416949885 298.2500195591741
383 1.3147159416949885 298.2500195591741
384 1.3147159416949885 298.2500195591741
385 1.3147159416949885 298.2500195591741
386 1.3147159416949885 298.2500195591741
387 1.3147159416949885 298.2500195591741
388 1.3147159416949885 298.2500195591741
389 1.3147159416949885 298.2500195591741
390 1.3147159416949885 298.2500195591741
391 1.3147159416949885 298.2500195591741
392 1.3147159416949885 298.2500195591741
393 1.3147159416949885 298.2500195591741
394 1.3718686652798044 303.9081391940709
395 1.3718686652798044 303.9081391940709
396 1.3718686652798044 303.9081391940709
397 1.3718686652798044 303.9081391940709
398 1.3147159416949885 298.2500195591741
399 1.3718686652798044 303.9081391940709
400 1.3147159416949885 298.2500195591741
401 1.3147159416949885 298.2500195591741
402 1.3147159416949885 298.2500195591741
403 1.3147159416949885 298.2500195591741
404 0.0455286057556683 172.4983918430978
405 0.0455286057556683 172.4983918430978
406 0.0455286057556683 172.4983918430978
407 0.0455286057556683 172.4983918430978
408 1.3147159416949885 298.2500195591741
409 0.0455286057556683 172.4983918430978
410 1.0301882872303993 270.0817817671798
411 1.0301882872303993 270.0817817671798
412 1.0301882872303993 270.0817817671798
413 1.0301882872303993 270.0817817671798
414 1.3147159416949885 298.2500195591741
415 1.3147159416949885 298.2500195591741
416 1.3147159416949885 298.2500195591741
417 1.3147159416949885 298.2500195591741
418 1.0301882872303993 270.0817817671798
419 1.3147159416949885 298.2500195591741
420 1.3147159416949885 298.2500195591741
421 1.3147159416949885 298.2500195591741
422 1.3147159416949885 298.2500195591741
423 1.3147159416949885 298.2500195591741
424 1.3147159416949885 298.2500195591741
425 1.3147159416949885 298.2500195591741
426 1.3147159416949885 298.2500195591741
427 1.3147159416949885 298.2500195591741
428 1.3147159416949885 298.2500195591741
429 1.3147159416949885 298.2500195591741
430 1.3718686652798044 303.9081391940709
431 1.3718686652798044 303.9081391940709
432 1.3718686652798044 303.9081391940709
433 1.3718686652798044 303.9081391940709
434 1.3147159416949885 298.2500195591741
435 1.3147159416949885 298.2500195591741
436 1.3147159416949885 298.2500195591741
437 1.3147159416949885 298.2500195591741
438 1.3718686652798044 303.9081391940709
439 1.3147159416949885 298.2500195591741
440 1.2307715749248662 289.939527248932
441 1.2307715749248662 289.939527248932
442 1.2307715749248662 289.939527248932
443 1.2307715749248662 289.939527248932
444 1.3147159416949885 298.2500195591741
445 1.3147159416949885 298.2500195591741
446 1.3147159416949885 298.2500195591741
447 1.3147159416949885 298.2500195591741
448 1.2307715749248662 289.939527248932
449 1.3147159416949885 298.2500195591741
450 1.3147159416949885 298.2500195591741
451 1.3147159416949885 298.2500195591741
452 1.3147159416949885 298.2500195591741
453 1.3147159416949885 298.2500195591741
454 1.1767410687888344 284.59050714146485
455 1.1767410687888344 284.59050714146485
456 1.1767410687888344 284.59050714146485
457 1.1767410687888344 284.59050714146485
458 1.3147159416949885 298.2500195591741
459 1.1767410687888344 284.59050714146485
460 0.44275521963884806 211.80516969545832
461 0.44275521963884806 211.80516969545832
462 0.44275521963884806 211.80516969545832
463 0.44275521963884806 211.80516969545832
464 0.4981271685586018 217.40773101867183
465 0.4981271685586018 217.40773101867183
466 0.4981271685586018 217.40773101867183
467 0.4981271685586018 217.40773101867183
468 0.44275521963884806 211.80516969545832
469 0.4981271685586018 217.40773101867183
470 1.3147159416949885 298.2500195591741
471 1.3147159416949885 298.2500195591741
472 1.3147159416949885 298.2500195591741
473 1.3147159416949885 298.2500195591741
474 1.3147159416949885 298.2500195591741
475 1.3147159416949885 298.2500195591741
476 1.3147159416949885 298.2500195591741
477 1.3147159416949885 298.2500195591741
478 1.3147159416949885 298.2500195591741
479 1.3147159416949885 298.2500195591741
480 1.3147159416949885 298.2500195591741
481 1.3147159416949885 298.2500195591741
482 1.3147159416949885 298.2500195591741
483 1.3147159416949885 298.2500195591741
484 0.8921786725118446 256.41882991004286
485 0.8921786725118446 256.41882991004286
486 0.8921786725118446 256.41882991004286
487 0.8921786725118446 256.41882991004286
488 1.3147159416949885 298.2500195591741
489 0.8921786725118446 256.41882991004286
490 1.3147159416949885 298.2500195591741
491 1.3147159416949885 298.2500195591741
492 1.3147159416949885 298.2500195591741
493 1.3147159416949885 298.2500195591741
494 1.3147159416949885 298.2500195591741
495 1.3147159416949885 298.2500195591741
496 1.3147159416949885 298.2500195591741
497 1.3147159416949885 298.2500195591741
498 1.3147159416949885 298.2500195591741
499 1.3147159416949885 298.2500195591741
500 1.1067920317903301 277.66555247861294
501 1.0706922411901552 274.0916732091956
502 1.1067920317903301 277.66555247861294
503 1.1067920317903301 277.66555247861294
504 1.3147159416949885 298.2500195591741
505 1.3147159416949885 298.2500195591741
506 1.3147159416949885 298.2500195591741
507 1.3147159416949885 298.2500195591741
508 1.0706922411901552 274.0916732091956
509 1.3147159416949885 298.2500195591741
510 1.3147159416949885 298.2500195591741
511 1.3147159416949885 298.2500195591741
512 1.3147159416949885 298.2500195591741
513 1.3147159416949885 298.2500195591741
514 1.1971346866512897 286.60947530984794
515 1.1971346866512897 286.60947530984794
516 1.1971346866512897 286.60947530984794
517 1.1971346866512897 286.60947530984794
518 1.3147159416949885 298.2500195591741
519 1.1971346866512897 286.60947530984794
520 1.3147159416949885 298.2500195591741
521 1.3147159416949885 298.2500195591741
522 1.3147159416949885 298.2500195591741
523 1.3147159416949885 298.2500195591741
524 1.3147159416949885 298.2500195591741
525 1.3147159416949885 298.2500195591741
526 1.3147159416949885 298.2500195591741
527 1.3147159416949885 298.2500195591741
528 1.3147159416949885 298.2500195591741
529 1.3147159416949885 298.2500195591741
530 0.04581325105458708 172.52657172769077
531 0.04581325105458708 172.52657172769077
532 0.04581325105458708 172.52657172769077
533 0.04581325105458708 172.52657172769077
534 1.3147159416949885 298.2500195591741
535 1.3147159416949885 298.2500195591741
536 1.3147159416949885 298.2500195591741
537 1.3147159416949885 298.2500195591741
538 0.04581325105458708 172.52657172769077
539 1.3147159416949885 298.2500195591741
540 1.3147159416949885 298.2500195591741
541 1.3147159416949885 298.2500195591741
542 1.3147159416949885 298.2500195591741
543 1.3147159416949885 298.2500195591741
544 0.04581325105458708 172.52657172769077
545 0.04581325105458708 172.52657172769077
546 0.04581325105458708 172.52657172769077
547 0.04581325105458708 172.52657172769077
548 1.3147159416949885 298.2500195591741
549 0.04581325105458708 172.52657172769077
550 1.1971346866512897 286.60947530984794
551 1.1971346866512897 286.60947530984794
552 1.1971346866512897 286.60947530984794
553 1.1971346866512897 286.60947530984794
554 1.3147159416949885 298.2500195591741
555 1.3147159416949885 298.2500195591741
556 1.3147159416949885 298.2500195591741
557 1.3147159416949885 298.2500195591741
558 1.1971346866512897 286.60947530984794
559 1.3147159416949885 298.2500195591741
560 0.3091638530259964 198.579624400786
561 0.3091638530259964 198.579624400786
562 0.3091638530259964 198.579624400786
563 0.3091638530259964 198.579624400786
564 1.3147159416949885 298.2500195591741
565 1.3147159416949885 298.2500195591741
566 1.3147159416949885 298.2500195591741
567 1.3147159416949885 298.2500195591741
568 0.3091638530259964 198.579624400786
569 1.3147159416949885 298.2500195591741
570 1.3147159416949885 298.2500195591741
571 1.3147159416949885 298.2500195591741
572 1.3147159416949885 298.2500195591741
573 1.3147159416949885 298.2500195591741
574 1.1707036908040271 283.99280672096893
575 1.1707036908040271 283.99280672096893
576 1.1707036908040271 283.99280672096893
577 1.1707036908040271 283.99280672096893
578 1.3147159416949885 298.2500195591741
579 1.1707036908040271 283.99280672096893
580 1.2254376178613948 289.41146549964833
581 1.2254376178613948 289.41146549964833
582 1.2254376178613948 289.41146549964833
583 1.2254376178613948 289.41146549964833
584 0.3300531393038792 200.6476637422964
585 0.3300531393038792 200.6476637422964
586 0.293779439204448 197.0565674324527
587 0.293779439204448 197.0565674324527
588 1.2254376178613948 289.41146549964833
589 0.293779439204448 197.0565674324527
590 1.3147159416949885 298.2500195591741
591 1.3147159416949885 298.2500195591741
592 1.3147159416949885 298.2500195591741
593 1.3147159416949885 298.2500195591741
594 1.3147159416949885 298.2500195591741
595 1.3147159416949885 298.2500195591741
596 1.3147159416949885 298.2500195591741
597 1.3147159416949885 298.2500195591741
598 1.3147159416949885 298.2500195591741
599 1.3147159416949885 298.2500195591741
600 1.3147159416949885 298.2500195591741
601 1.3147159416949885 298.2500195591741
602 1.3147159416949885 298.2500195591741
603 1.3147159416949885 298.2500195591741
604 1.014399926862118 268.51873409071993
605 1.014399926862118 268.51873409071993
606 1.014399926862118 268.51873409071993
607 1.014399926862118 268.51873409071993
608 1.3147159416949885 298.2500195591741
609 1.014399926862118 268.51873409071993
610 1.1707036908040271 283.99280672096893
611 1.1707036908040271 283.99280672096893
612 1.1707036908040271 283.99280672096893
613 1.1707036908040271 283.99280672096893
614 1.3147159416949885 298.2500195591741
615 1.3147159416949885 298.2500195591741
616 1.3147159416949885 298.2500195591741
617 1.3147159416949885 298.2500195591741
618 1.1707036908040271 283.99280672096893
619 1.3147159416949885 298.2500195591741
620 1.3147159416949885 298.2500195591741
621 1.3147159416949885 298.2500195591741
622 1.3147159416949885 298.2500195591741
623 1.3147159416949885 298.2500195591741
624 1.3147159416949885 298.2500195591741
625 1.3147159416949885 298.2500195591741
626 1.3147159416949885 298.2500195591741
627 1.3147159416949885 298.2500195591741
628 1.3147159416949885 298.2500195591741
629 1.3147159416949885 298.2500195591741
630 1.26660237426056 293.4867763831657
631 1.26660237426056 293.4867763831657
632 1.26660237426056 293.4867763831657
633 1.26660237426056 293.4867763831657
634 1.2254376178613948 289.41146549964833
635 1.2254376178613948 289.41146549964833
636 1.2254376178613948 289.41146549964833
637 1.2254376178613948 289.41146549964833
638 1.26660237426056 293.4867763831657
639 1.2254376178613948 289.41146549964833
640 1.3147159416949885 298.2500195591741
641 1.3147159416949885 298.2500195591741
642 1.3147159416949885 298.2500195591741
643 1.3147159416949885 298.2500195591741
644 1.1971346866512897 286.60947530984794
645 1.1971346866512897 286.60947530984794
646 1.1971346866512897 286.60947530984794
647 1.1971346866512897 286.60947530984794
648 1.3147159416949885 298.2500195591741
649 1.1971346866512897 286.60947530984794
650 0.25001640562977406 192.72402710856
651 0.25001640562977406 192.72402710856
652 0.25001640562977406 192.72402710856
653 0.25001640562977406 192.72402710856
654 1.3147159416949885 298.2500195591741
655 1.3147159416949885 298.2500195591741
656 1.3147159416949885 298.2500195591741
657 1.3147159416949885 298.2500195591741
658 0.25001640562977406 192.72402710856
659 1.3147159416949885 298.2500195591741
660 1.3147159416949885 298.2500195591741
661 1.3147159416949885 298.2500195591741
662 1.3147159416949885 298.2500195591741
663 1.3147159416949885 298.2500195591741
664 1.3147159416949885 298.2500195591741
665 1.3147159416949885 298.2500195591741
666 1.3147159416949885 298.2500195591741
667 1.3147159416949885 298.2500195591741
668 1.3147159416949885 298.2500195591741
669 1.3147159416949885 298.2500195591741
670 1.2254376178613948 289.41146549964833
671 1.2254376178613948 289.41146549964833
672 1.2254376178613948 289.41146549964833
673 1.2254376178613948 289.41146549964833
674 0.7470577825842365 242.05186180720966
675 0.7470577825842365 242.05186180720966
676 0.7470577825842365 242.05186180720966
677 0.7470577825842365 242.05186180720966
678 1.2254376178613948 289.41146549964833
679 0.7470577825842365 242.05186180720966
680 1.1707036908040271 283.99280672096893
681 1.1707036908040271 283.99280672096893
682 1.1707036908040271 283.99280672096893
683 1.1707036908040271 283.99280672096893
684 1.3147159416949885 298.2500195591741
685 1.3147159416949885 298.2500195591741
686 1.3147159416949885 298.2500195591741
687 1.3147159416949885 298.2500195591741
688 1.1707036908040271 283.99280672096893
689 1.3147159416949885 298.2500195591741
690 1.3147159416949885 298.2500195591741
691 1.3147159416949885 298.2500195591741
692 1.3147159416949885 298.2500195591741
693 1.3147159416949885 298.2500195591741
694 0.04581325105458708 172.52657172769077
695 0.04581325105458708 172.52657172769077
696 0.04581325105458708 172.52657172769077
697 0.04581325105458708 172.52657172769077
698 1.3147159416949885 298.2500195591741
699 0.04581325105458708 172.52657172769077
700 1.0452902631420031 271.57687738242856
701 1.0452902631420031 271.57687738242856
702 1.0452902631420031 271.57687738242856
703 1.0452902631420031 271.57687738242856
704 1.3147159416949885 298.2500195591741
705 1.3147159416949885 298.2500195591741
706 1.3147159416949885 298.2500195591741
707 1.3147159416949885 298.2500195591741
708 1.0452902631420031 271.57687738242856
709 1.3147159416949885 298.2500195591741
710 1.3147159416949885 298.2500195591741
711 1.3147159416949885 298.2500195591741
712 1.3147159416949885 298.2500195591741
713 1.3147159416949885 298.2500195591741
714 1.3147159416949885 298.2500195591741
715 1.3147159416949885 298.2500195591741
716 1.3147159416949885 298.2500195591741
717 1.3147159416949885 298.2500195591741
718 1.3147159416949885 298.2500195591741
719 1.3147159416949885 298.2500195591741
720 1.3147159416949885 298.2500195591741
721 1.3147159416949885 298.2500195591741
722 1.3147159416949885 298.2500195591741
723 1.3147159416949885 298.2500195591741
724 1.3147159416949885 298.2500195591741
725 1.3147159416949885 298.2500195591741
726 1.3147159416949885 298.2500195591741
727 1.3147159416949885 298.2500195591741
728 1.3147159416949885 298.2500195591741
729 1.3147159416949885 298.2500195591741
730 1.3147159416949885 298.2500195591741
731 1.3147159416949885 298.2500195591741
732 1.3147159416949885 298.2500195591741
733 1.3147159416949885 298.2500195591741
734 0.429389287288646 210.4819423927883
735 0.429389287288646 210.4819423927883
736 0.429389287288646 210.4819423927883
737 0.429389287288646 210.4819423927883
738 1.3147159416949885 298.2500195591741
739 0.429389287288646 210.4819423927883
740 1.3147159416949885 298.2500195591741
741 1.3147159416949885 298.2500195591741
742 1.3147159416949885 298.2500195591741
743 1.3147159416949885 298.2500195591741
744 1.1707036908040271 283.99280672096893
745 1.1707036908040271 283.99280672096893
746 1.1707036908040271 283.99280672096893
747 1.1707036908040271 283.99280672096893
748 1.3147159416949885 298.2500195591741
749 1.1707036908040271 283.99280672096893
750 0.8570372580594483 252.93982987925563
751 0.8570372580594483 252.93982987925563
752 0.8570372580594483 252.93982987925563
753 0.8570372580594483 252.93982987925563
754 1.3147159416949885 298.2500195591741
755 1.3147159416949885 298.2500195591741
756 1.3147159416949885 298.2500195591741
757 1.3147159416949885 298.2500195591741
758 0.8570372580594483 252.93982987925563
759 1.3147159416949885 298.2500195591741
760 0.04581325105458708 172.52657172769077
761 0.04581325105458708 172.52657172769077
762 0.04581325105458708 172.52657172769077
763 0.04581325105458708 172.52657172769077
764 1.2254376178613948 289.41146549964833
765 1.2254376178613948 289.41146549964833
766 1.2254376178613948 289.41146549964833
767 1.2254376178613948 289.41146549964833
768 0.04581325105458708 172.52657172769077
769 1.2254376178613948 289.41146549964833
770 1.3147159416949885 298.2500195591741
771 1.3147159416949885 298.2500195591741
772 1.3147159416949885 298.2500195591741
773 1.3147159416949885 298.2500195591741
774 1.3147159416949885 298.2500195591741
775 1.3147159416949885 298.2500195591741
776 1.3147159416949885 298.2500195591741
777 1.3147159416949885 298.2500195591741
778 1.3147159416949885 298.2500195591741
779 1.3147159416949885 298.2500195591741
780 1.1767410687888344 284.59050714146485
781 1.1767410687888344 284.59050714146485
782 1.1767410687888344 284.59050714146485
783 1.1767410687888344 284.59050714146485
784 1.3147159416949885 298.2500195591741
785 1.3147159416949885 298.2500195591741
786 1.3147159416949885 298.2500195591741
787 1.3147159416949885 298.2500195591741
788 1.1767410687888344 284.59050714146485
789 1.3147159416949885 298.2500195591741
790 1.3147159416949885 298.2500195591741
791 1.3147159416949885 298.2500195591741
792 1.3147159416949885 298.2500195591741
793 1.3147159416949885 298.2500195591741
794 1.044169848259927 271.46595630910303
795 1.044169848259927 271.46595630910303
796 1.044169848259927 271.46595630910303
797 1.044169848259927 271.46595630910303
798 1.3147159416949885 298.2500195591741
799 1.044169848259927 271.46595630910303
800 0.9759208514796219 264.7093056278528
801 0.9759208514796219 264.7093056278528
802 0.9759208514796219 264.7093056278528
803 0.9759208514796219 264.7093056278528
804 1.3147159416949885 298.2500195591741
805 1.3147159416949885 298.2500195591741
806 1.3147159416949885 298.2500195591741
807 1.3147159416949885 298.2500195591741
808 0.9759208514796219 264.7093056278528
809 1.3147159416949885 298.2500195591741
810 1.3147159416949885 298.2500195591741
811 1.3147159416949885 298.2500195591741
812 1.3147159416949885 298.2500195591741
813 1.3147159416949885 298.2500195591741
814 1.0452902631420031 271.57687738242856
815 1.0452902631420031 271.57687738242856
816 1.0452902631420031 271.57687738242856
817 1.0452902631420031 271.57687738242856
818 1.3147159416949885 298.2500195591741
819 1.0452902631420031 271.57687738242856
820 1.3718686652798044 303.9081391940709
821 1.3718686652798044 303.9081391940709
822 1.3718686652798044 303.9081391940709
823 1.3718686652798044 303.9081391940709
824 1.114551636723703 278.43375336701683
825 1.114551636723703 278.43375336701683
826 1.114551636723703 278.43375336701683
827 1.114551636723703 278.43375336701683
828 1.3718686652798044 303.9081391940709
829 1.114551636723703 278.43375336701683
830 1.3147159416949885 298.2500195591741
831 1.3147159416949885 298.2500195591741
832 1.3147159416949885 298.2500195591741
833 1.3147159416949885 298.2500195591741
834 1.3147159416949885 298.2500195591741
835 1.3147159416949885 298.2500195591741
836 1.3147159416949885 298.2500195591741
837 1.3147159416949885 298.2500195591741
838 1.3147159416949885 298.2500195591741
839 1.3147159416949885 298.2500195591741
840 1.3147159416949885 298.2500195591741
841 1.3147159416949885 298.2500195591741
842 1.3147159416949885 298.2500195591741
843 1.3147159416949885 298.2500195591741
844 1.3718686652798044 303.9081391940709
845 1.3718686652798044 303.9081391940709
846 1.3718686652798044 303.9081391940709
847 1.3718686652798044 303.9081391940709
848 1.3147159416949885 298.2500195591741
849 1.3718686652798044 303.9081391940709
850 1.1365494584856588 280.6115377214505
851 1.1365494584856588 280.6115377214505
852 1.1365494584856588 280.6115377214505
853 1.1365494584856588 280.6115377214505
854 1.3147159416949885 298.2500195591741
855 1.3147159416949885 298.2500195591741
856 1.3147159416949885 298.2500195591741
857 1.3147159416949885 298.2500195591741
858 1.1365494584856588 280.6115377214505
859 1.3147159416949885 298.2500195591741
860 1.3147159416949885 298.2500195591741
861 nan 302.21431028243273
862 nan 302.21431028243273
863 1.3111218294259184 297.8942024445362
864 1.3111218294259184 297.8942024445362
865 1.3111218294259184 297.8942024445362
866 1.3111218294259184 297.8942024445362
867 1.3111218294259184 297.8942024445362
868 1.3111218294259184 297.8942024445362
869 1.3111218294259184 297.8942024445362
870 1.3111218294259184 297.8942024445362
871 1.3111218294259184 297.8942024445362
872 1.3111218294259184 297.8942024445362
873 1.3111218294259184 297.8942024445362
874 1.3111218294259184 297.8942024445362
875 1.3111218294259184 297.8942024445362
876 1.3111218294259184 297.8942024445362
877 1.3111218294259184 297.8942024445362
878 1.3111218294259184 297.8942024445362
879 1.3111218294259184 297.8942024445362
880 1.3111218294259184 297.8942024445362
881 1.3111218294259184 297.8942024445362
882 1.3111218294259184 297.8942024445362
883 1.3111218294259184 297.8942024445362
884 1.3111218294259184 297.8942024445362
885 1.3111218294259184 297.8942024445362
886 1.3111218294259184 297.8942024445362
887 1.3111218294259184 297.8942024445362
888 1.3111218294259184 297.8942024445362
889 1.3111218294259184 297.8942024445362
890 1.3111218294259184 297.8942024445362
891 1.3111218294259184 297.8942024445362
892 1.3111218294259184 297.8942024445362
893 1.3111218294259184 297.8942024445362
894 1.3111218294259184 297.8942024445362
895 1.3111218294259184 297.8942024445362
896 1.3111218294259184 297.8942024445362
897 1.3111218294259184 297.8942024445362
898 1.3111218294259184 297.8942024445362
899 1.3111218294259184 297.8942024445362
900 1.3111218294259184 297.8942024445362
901 1.3111218294259184 297.8942024445362
902 1.3111218294259184 297.8942024445362
903 1.3111218294259184 297.8942024445362
904 1.3111218294259184 297.8942024445362
905 1.3111218294259184 297.8942024445362
906 1.3111218294259184 297.8942024445362
907 1.3111218294259184 297.8942024445362
908 1.3111218294259184 297.8942024445362
909 1.3111218294259184 297.8942024445362
910 1.3111218294259184 297.8942024445362
911 1.3111218294259184 297.8942024445362
912 1.3111218294259184 297.8942024445362
913 1.3111218294259184 297.8942024445362
914 1.3111218294259184 297.8942024445362
915 1.3111218294259184 297.8942024445362
916 1.3111218294259184 297.8942024445362
917 1.3111218294259184 297.8942024445362
918 1.3111218294259184 297.8942024445362
919 1.3111218294259184 297.8942024445362
920 1.3111218294259184 297.8942024445362
921 1.3111218294259184 297.8942024445362
922 1.3111218294259184 297.8942024445362
923 1.3111218294259184 297.8942024445362
924 1.3111218294259184 297.8942024445362
925 1.3111218294259184 297.8942024445362
926 1.3111218294259184 297.8942024445362
927 1.3111218294259184 297.8942024445362
928 1.3111218294259184 297.8942024445362
929 1.3111218294259184 297.8942024445362
930 1.3111218294259184 297.8942024445362
931 1.3111218294259184 297.8942024445362
932 1.3111218294259184 297.8942024445362
933 1.3111218294259184 297.8942024445362
934 1.3111218294259184 297.8942024445362
935 1.3111218294259184 297.8942024445362
936 1.3111218294259184 297.8942024445362
937 1.3111218294259184 297.8942024445362
938 1.3111218294259184 297.8942024445362
939 1.3111218294259184 297.8942024445362
940 1.3111218294259184 297.8942024445362
941 1.3111218294259184 297.8942024445362
942 1.3111218294259184 297.8942024445362
943 1.3111218294259184 297.8942024445362
944 1.3111218294259184 297.8942024445362
945 1.3111218294259184 297.8942024445362
946 1.3111218294259184 297.8942024445362
947 1.3111218294259184 297.8942024445362
948 1.3111218294259184 297.8942024445362
949 1.3111218294259184 297.8942024445362
950 1.3111218294259184 297.8942024445362
951 1.3111218294259184 297.8942024445362
952 1.3111218294259184 297.8942024445362
953 1.3111218294259184 297.8942024445362
954 1.3111218294259184 297.8942024445362
955 1.3111218294259184 297.8942024445362
956 1.3111218294259184 297.8942024445362
957 1.3111218294259184 297.8942024445362
958 1.3111218294259184 297.8942024445362
959 1.3111218294259184 297.8942024445362
960 1.3111218294259184 297.8942024445362
961 1.3111218294259184 297.8942024445362
962 1.3111218294259184 297.8942024445362
963 1.3111218294259184 297.8942024445362
964 1.3111218294259184 297.8942024445362
965 1.3111218294259184 297.8942024445362
966 1.3111218294259184 297.8942024445362
967 1.3111218294259184 297.8942024445362
968 1.3111218294259184 297.8942024445362
969 1.3111218294259184 297.8942024445362
970 1.3111218294259184 297.8942024445362
971 1.3111218294259184 297.8942024445362
972 1.3111218294259184 297.8942024445362
973 1.3111218294259184 297.8942024445362
974 1.3111218294259184 297.8942024445362
975 1.3111218294259184 297.8942024445362
976 1.3111218294259184 297.8942024445362
977 1.3111218294259184 297.8942024445362
978 1.3111218294259184 297.8942024445362
979 1.3111218294259184 297.8942024445362
980 1.3111218294259184 297.8942024445362
981 1.3111218294259184 297.8942024445362
982 1.3111218294259184 297.8942024445362
983 1.3111218294259184 297.8942024445362
984 1.3111218294259184 297.8942024445362
985 1.3111218294259184 297.8942024445362
986 1.3111218294259184 297.8942024445362
987 1.3111218294259184 297.8942024445362
988 1.3111218294259184 297.8942024445362
989 1.3111218294259184 297.8942024445362
990 1.3111218294259184 297.8942024445362
991 1.3111218294259184 297.8942024445362
992 1.3111218294259184 297.8942024445362
993 1.3111218294259184 297.8942024445362
994 1.3111218294259184 297.8942024445362
995 1.3111218294259184 297.8942024445362
996 1.3111218294259184 297.8942024445362
997 1.3111218294259184 297.8942024445362
998 1.3111218294259184 297.8942024445362
999 1.3111218294259184 297.8942024445362
1000 1.3111218294259184 297.8942024445362
1001 1.3111218294259184 297.8942024445362
1002 1.3111218294259184 297.8942024445362
1003 1.3111218294259184 297.8942024445362
1004 1.3111218294259184 297.8942024445362
1005 1.3111218294259184 297.8942024445362
1006 1.3111218294259184 297.8942024445362
1007 1.3111218294259184 297.8942024445362
1008 1.3111218294259184 297.8942024445362
1009 1.3111218294259184 297.8942024445362
1010 1.3111218294259184 297.8942024445362
1011 1.3111218294259184 297.8942024445362
1012 1.3111218294259184 297.8942024445362
1013 1.3111218294259184 297.8942024445362
1014 1.3111218294259184 297.8942024445362
1015 1.3111218294259184 297.8942024445362
1016 1.3111218294259184 297.8942024445362
1017 1.3111218294259184 297.8942024445362
1018 1.3111218294259184 297.8942024445362
1019 1.3111218294259184 297.8942024445362
1020 1.3111218294259184 297.8942024445362
1021 1.4018003147940337 306.8713724959796
1022 1.3111218294259184 297.8942024445362
1023 1.3111218294259184 297.8942024445362
1024 1.3111218294259184 297.8942024445362
1025 1.3111218294259184 297.8942024445362
1026 1.4018003147940337 306.8713724959796
1027 1.4018003147940337 306.8713724959796
1028 1.4018003147940337 306.8713724959796
1029 1.4018003147940337 306.8713724959796
1030 1.3111218294259184 297.8942024445362
1031 1.3111218294259184 297.8942024445362
1032 1.3111218294259184 297.8942024445362
1033 1.3111218294259184 297.8942024445362
1034 1.3111218294259184 297.8942024445362
1035 1.3111218294259184 297.8942024445362
1036 1.3111218294259184 297.8942024445362
1037 1.3111218294259184 297.8942024445362
1038 1.3111218294259184 297.8942024445362
1039 1.3111218294259184 297.8942024445362
1040 1.3111218294259184 297.8942024445362
1041 1.3111218294259184 297.8942024445362
1042 1.3111218294259184 297.8942024445362
1043 1.3111218294259184 297.8942024445362
1044 1.3111218294259184 297.8942024445362
1045 1.3111218294259184 297.8942024445362
1046 1.3111218294259184 297.8942024445362
1047 1.3111218294259184 297.8942024445362
1048 1.3111218294259184 297.8942024445362
1049 1.3111218294259184 297.8942024445362
1050 1.3111218294259184 297.8942024445362
1051 1.3111218294259184 297.8942024445362
1052 1.3111218294259184 297.8942024445362
1053 1.3111218294259184 297.8942024445362
1054 1.3111218294259184 297.8942024445362
1055 1.3111218294259184 297.8942024445362
1056 1.3111218294259184 297.8942024445362
1057 1.3111218294259184 297.8942024445362
1058 1.3111218294259184 297.8942024445362
1059 1.3111218294259184 297.8942024445362
1060 1.3111218294259184 297.8942024445362
1061 1.3111218294259184 297.8942024445362
1062 1.3111218294259184 297.8942024445362
1063 1.3111218294259184 297.8942024445362
1064 1.3111218294259184 297.8942024445362
1065 1.3111218294259184 297.8942024445362
1066 1.3111218294259184 297.8942024445362
1067 1.3111218294259184 297.8942024445362
1068 1.3111218294259184 297.8942024445362
1069 1.3111218294259184 297.8942024445362
1070 1.3111218294259184 297.8942024445362
1071 1.3111218294259184 297.8942024445362
1072 1.3111218294259184 297.8942024445362
1073 1.3111218294259184 297.8942024445362
1074 1.3111218294259184 297.8942024445362
1075 1.3111218294259184 297.8942024445362
1076 1.3111218294259184 297.8942024445362
1077 1.3111218294259184 297.8942024445362
1078 1.3111218294259184 297.8942024445362
1079 1.3111218294259184 297.8942024445362
1080 1.3111218294259184 297.8942024445362
1081 1.3111218294259184 297.8942024445362
1082 1.3111218294259184 297.8942024445362
1083 1.3111218294259184 297.8942024445362
1084 1.3111218294259184 297.8942024445362
1085 1.3111218294259184 297.8942024445362
1086 1.3111218294259184 297.8942024445362
1087 1.3111218294259184 297.8942024445362
1088 1.3111218294259184 297.8942024445362
1089 1.3111218294259184 297.8942024445362
1090 0.9791680657655872 265.0307798421634
1091 1.3111218294259184 297.8942024445362
1092 0.9791680657655872 265.0307798421634
1093 0.9791680657655872 265.0307798421634
1094 0.9791680657655872 265.0307798421634
1095 0.9791680657655872 265.0307798421634
1096 1.3111218294259184 297.8942024445362
1097 1.3111218294259184 297.8942024445362
1098 1.3111218294259184 297.8942024445362
1099 1.3111218294259184 297.8942024445362
1100 1.3111218294259184 297.8942024445362
1101 1.3111218294259184 297.8942024445362
1102 1.3111218294259184 297.8942024445362
1103 1.3111218294259184 297.8942024445362
1104 1.3111218294259184 297.8942024445362
1105 1.3111218294259184 297.8942024445362
1106 1.3111218294259184 297.8942024445362
1107 1.3111218294259184 297.8942024445362
1108 1.3111218294259184 297.8942024445362
1109 1.3111218294259184 297.8942024445362
1110 1.3111218294259184 297.8942024445362
1111 1.3111218294259184 297.8942024445362
1112 1.3111218294259184 297.8942024445362
1113 1.3111218294259184 297.8942024445362
1114 1.3111218294259184 297.8942024445362
1115 1.3111218294259184 297.8942024445362
1116 1.3111218294259184 297.8942024445362
1117 1.3111218294259184 297.8942024445362
1118 1.3111218294259184 297.8942024445362
1119 1.3111218294259184 297.8942024445362
1120 1.3111218294259184 297.8942024445362
1121 1.3111218294259184 297.8942024445362
1122 1.3111218294259184 297.8942024445362
1123 1.3111218294259184 297.8942024445362
1124 1.3111218294259184 297.8942024445362
1125 1.3111218294259184 297.8942024445362
1126 1.3111218294259184 297.8942024445362
1127 1.3111218294259184 297.8942024445362
1128 1.3111218294259184 297.8942024445362
1129 1.3111218294259184 297.8942024445362
1130 1.3111218294259184 297.8942024445362
1131 1.3111218294259184 297.8942024445362
1132 1.3111218294259184 297.8942024445362
1133 1.3111218294259184 297.8942024445362
1134 1.3111218294259184 297.8942024445362
1135 1.3111218294259184 297.8942024445362
1136 1.3111218294259184 297.8942024445362
1137 1.3111218294259184 297.8942024445362
1138 1.3111218294259184 297.8942024445362
1139 1.3111218294259184 297.8942024445362
1140 1.3111218294259184 297.8942024445362
1141 1.3111218294259184 297.8942024445362
1142 1.3111218294259184 297.8942024445362
1143 1.3111218294259184 297.8942024445362
1144 1.3111218294259184 297.8942024445362
1145 1.3111218294259184 297.8942024445362
1146 1.3111218294259184 297.8942024445362
1147 1.3111218294259184 297.8942024445362
1148 1.3111218294259184 297.8942024445362
1149 1.3111218294259184 297.8942024445362
1150 1.3111218294259184 297.8942024445362
1151 1.3111218294259184 297.8942024445362
1152 1.3111218294259184 297.8942024445362
1153 1.3111218294259184 297.8942024445362
1154 1.3111218294259184 297.8942024445362
1155 1.3111218294259184 297.8942024445362
1156 1.3111218294259184 297.8942024445362
1157 1.3111218294259184 297.8942024445362
1158 1.3111218294259184 297.8942024445362
1159 1.3111218294259184 297.8942024445362
1160 1.3111218294259184 297.8942024445362
1161 1.3111218294259184 297.8942024445362
1162 1.3111218294259184 297.8942024445362
1163 1.3111218294259184 297.8942024445362
1164 1.3111218294259184 297.8942024445362
1165 1.3111218294259184 297.8942024445362
1166 1.3111218294259184 297.8942024445362
1167 1.3111218294259184 297.8942024445362
1168 1.3111218294259184 297.8942024445362
1169 1.3111218294259184 297.8942024445362
1170 1.3111218294259184 297.8942024445362
1171 1.3111218294259184 297.8942024445362
1172 1.3111218294259184 297.8942024445362
1173 1.3111218294259184 297.8942024445362
1174 1.3111218294259184 297.8942024445362
1175 1.3111218294259184 297.8942024445362
1176 1.3111218294259184 297.8942024445362
1177 1.3111218294259184 297.8942024445362
1178 1.3111218294259184 297.8942024445362
1179 1.3111218294259184 297.8942024445362
1180 1.3111218294259184 297.8942024445362
1181 1.3111218294259184 297.8942024445362
1182 1.3111218294259184 297.8942024445362
1183 1.3111218294259184 297.8942024445362
1184 1.3111218294259184 297.8942024445362
1185 1.3111218294259184 297.8942024445362
1186 1.3111218294259184 297.8942024445362
1187 1.3111218294259184 297.8942024445362
1188 1.3111218294259184 297.8942024445362
1189 1.3111218294259184 297.8942024445362
1190 1.3111218294259184 297.8942024445362
1191 1.3111218294259184 297.8942024445362
1192 1.3111218294259184 297.8942024445362
1193 1.3111218294259184 297.8942024445362
1194 1.3111218294259184 297.8942024445362
1195 1.3111218294259184 297.8942024445362
1196 1.3111218294259184 297.8942024445362
1197 1.3111218294259184 297.8942024445362
1198 1.3111218294259184 297.8942024445362
1199 1.3111218294259184 297.8942024445362
1200 1.3111218294259184 297.8942024445362
1201 1.3111218294259184 297.8942024445362
1202 1.3111218294259184 297.8942024445362
1203 1.3111218294259184 297.8942024445362
1204 1.3111218294259184 297.8942024445362
1205 1.3111218294259184 297.8942024445362
1206 1.3111218294259184 297.8942024445362
1207 1.3111218294259184 297.8942024445362
1208 1.3111218294259184 297.8942024445362
1209 1.3111218294259184 297.8942024445362
1210 1.3111218294259184 297.8942024445362
1211 1.3111218294259184 297.8942024445362
1212 1.3111218294259184 297.8942024445362
1213 1.3111218294259184 297.8942024445362
1214 1.3111218294259184 297.8942024445362
1215 1.3111218294259184 297.8942024445362
1216 1.3111218294259184 297.8942024445362
1217 1.3111218294259184 297.8942024445362
1218 1.3111218294259184 297.8942024445362
1219 1.3111218294259184 297.8942024445362
1220 1.3111218294259184 297.8942024445362
1221 1.3111218294259184 297.8942024445362
1222 1.3111218294259184 297.8942024445362
1223 1.3111218294259184 297.8942024445362
1224 1.3111218294259184 297.8942024445362
1225 1.3111218294259184 297.8942024445362
1226 1.3111218294259184 297.8942024445362
1227 1.3111218294259184 297.8942024445362
1228 1.3111218294259184 297.8942024445362
1229 1.3111218294259184 297.8942024445362
1230 1.3111218294259184 297.8942024445362
1231 1.3111218294259184 297.8942024445362
1232 1.3111218294259184 297.8942024445362
1233 1.3111218294259184 297.8942024445362
1234 1.3111218294259184 297.8942024445362
1235 1.3111218294259184 297.8942024445362
1236 1.3111218294259184 297.8942024445362
1237 1.3111218294259184 297.8942024445362
1238 1.3111218294259184 297.8942024445362
1239 1.3111218294259184 297.8942024445362
1240 1.3111218294259184 297.8942024445362
1241 1.3111218294259184 297.8942024445362
1242 1.3111218294259184 297.8942024445362
1243 1.3111218294259184 297.8942024445362
1244 1.3111218294259184 297.8942024445362
1245 1.3111218294259184 297.8942024445362
1246 1.3111218294259184 297.8942024445362
1247 1.3111218294259184 297.8942024445362
1248 1.3111218294259184 297.8942024445362
1249 1.3111218294259184 297.8942024445362
1250 1.3111218294259184 297.8942024445362
1251 1.3111218294259184 297.8942024445362
1252 1.3111218294259184 297.8942024445362
1253 1.3111218294259184 297.8942024445362
1254 1.3111218294259184 297.8942024445362
1255 1.3111218294259184 297.8942024445362
1256 1.3111218294259184 297.8942024445362
1257 1.3111218294259184 297.8942024445362
1258 1.3111218294259184 297.8942024445362
1259 1.3111218294259184 297.8942024445362
1260 1.3111218294259184 297.8942024445362
1261 1.3111218294259184 297.8942024445362
1262 1.3111218294259184 297.8942024445362
1263 1.3111218294259184 297.8942024445362
1264 1.3111218294259184 297.8942024445362
1265 1.3111218294259184 297.8942024445362
1266 1.3111218294259184 297.8942024445362
1267 1.3111218294259184 297.8942024445362
1268 1.3111218294259184 297.8942024445362
1269 1.3111218294259184 297.8942024445362
1270 1.3111218294259184 297.8942024445362
1271 1.3111218294259184 297.8942024445362
1272 1.3111218294259184 297.8942024445362
1273 1.3111218294259184 297.8942024445362
1274 1.3111218294259184 297.8942024445362
1275 1.3111218294259184 297.8942024445362
1276 1.3111218294259184 297.8942024445362
1277 1.3111218294259184 297.8942024445362
1278 1.3111218294259184 297.8942024445362
1279 1.3111218294259184 297.8942024445362
