0 190 -27.669138812794657 37.5705497271832
1 166 -17.703238559646437 96.8335077776565
2 34 5.710414696588442 179.40946544527878
3 171 -31.807589329842852 38.36489217730667
4 12 -65.68173141337411 188.49743777248744
5 165 -13.03133878550953 89.67762148399521
6 10 28.996188898866414 187.14277670030594
7 4 -49.70976200623515 195.3652396774255
8 4 -62.23398883485277 193.2794207829516
9 3 -32.7459370373768 194.7367123973081
10 167 -18.20047822366141 69.7459861746358
11 16 -8.613676476137746 189.00860341728924
12 153 -25.382175973951952 100.71361709496571
13 27 18.341050504913696 186.075298855028
14 177 -17.40002278250603 56.725552217169856
15 170 -25.94616524295871 61.22780297976331
16 128 -8.04907701792008 148.49765457567727
17 38 -20.019763394265837 175.75390042384345
18 132 -9.763763403621638 156.2460125121939
19 106 -6.686182606057365 151.52003309206793
20 139 -14.858266228744286 150.62643952648014
21 37 -13.080096215445 183.90854020169886
22 28 11.550766597998447 183.5701892893385
23 45 26.5785061625571 182.41173071212535
24 134 -41.52928770710537 147.91632498921663
25 148 -25.80466564065447 117.47278683417427
26 81 -46.31444898766273 153.96594475432852
27 130 -25.85362415124178 157.2236996600189
28 98 -12.335961208725719 147.54408682384258
29 162 -25.318281203647906 117.11040977321801
30 110 -27.098870613831195 148.49054579177078
31 117 0.40163710051116586 140.9914196407781
32 155 -17.85854196577185 89.85866411774212
33 188 -17.469208436881914 42.58879811689184
34 97 -3.633242349617904 153.80686278727848
35 153 -30.670916433422992 84.79904386979565
36 68 -18.316838790441558 158.71802062077077
37 174 -19.45863016555822 44.37411467169724
38 119 -31.95311962091928 153.419074174428
39 81 -9.206975469243465 152.59019317795924
40 10 28.996188898866414 187.14277670030594
41 16 6.265315825635955 184.23158377076973
42 89 -15.720089585584748 145.83052225187623
43 15 -15.160421055297732 187.09219313378128
44 94 0.6240537270369013 156.88918237729507
45 13 44.23616360886368 185.99291727095647
46 118 -4.726530822503165 167.16997099784498
47 115 -16.84232711732532 153.25608792308037
48 160 -14.69007810638313 104.45680265545599
49 184 -26.987982516873487 42.87002421649496
50 153 -17.432443557612118 97.32831480355529
51 150 -16.656763149921986 109.07653293744582
52 164 -17.891716315749214 106.81362496091313
53 175 -24.41936799592247 41.955042597627184
54 176 -25.551420545036983 45.977059263837
55 191 -22.53653811612459 45.4432105856573
56 73 2.733525029247118 165.9385273136761
57 31 -5.099822628912911 180.63799403829427
58 15 -14.968357491588735 187.14821196500014
59 0 nan 195.84779589885443
60 0 nan 196.12216432567885
61 0 nan 195.84779589885443
62 12 34.43961845761381 189.35734221102138
63 0 nan 195.84779589885443
64 168 -21.414402994044657 39.80131950894361
65 90 -16.36414354694317 151.0701218202255
66 190 -27.318854240547378 45.98907162192713
67 180 -29.42535785640178 41.916609608167185
68 175 -28.734668943081775 44.90253709320418
69 110 -23.8810770265636 155.36380962571485
70 82 1.347786766170676 160.78107075318297
71 89 -8.56470458508847 157.74033783566216
72 134 -18.42640365085422 139.23738198478378
73 165 -22.09422457456629 38.36903898891386
74 68 -16.308137442818854 158.31728998379555
75 127 -7.7958965959556865 141.63320846826375
76 90 -20.33973655649002 158.39449429486825
77 173 -33.833253243514235 42.323300596633544
78 179 -24.082875568551135 85.29779860293277
79 168 -27.867698134271624 80.06400212470768
80 53 -6.724901312977028 172.11642515857773
81 166 -28.589228314708365 80.7010027561304
82 11 -54.08799345333477 197.02650431380857
83 55 14.919010720697052 173.5691200519986
84 15 -30.02558982945912 190.8074443353201
85 176 -18.970703301875186 83.23333389991653
86 142 -37.093917635983765 145.37635248415262
87 140 -4.318198378332297 114.08960760211026
88 59 -39.62114550310511 166.6067815493257
89 70 -17.501714282216945 164.084627396835
90 169 -11.997176195507654 33.84952524203936
91 36 -23.731433746725777 178.21352790481725
92 164 -17.754599461767647 73.3223632176398
93 24 17.362216512809646 176.54612270693866
94 153 -21.57832891955853 54.29550378855086
95 172 -18.59758245628192 54.06278236958931
96 165 -17.47853658191233 67.66482648648153
97 154 -18.001208036170027 108.77736507642229
98 165 -24.046972436906852 57.2902060002246
99 169 -14.74228329751586 55.755373177864044
100 181 -17.849894102141675 55.513000487668016
101 173 -21.532119852143197 56.5688690246187
102 154 -27.768577790659283 91.78599615755896
103 161 -27.46968711560518 42.096082389033384
104 0 nan 195.84779589885443
105 0 nan 196.12216432567885
106 10 -69.28910297791388 195.3824794395479
107 4 -31.319754667090887 192.32366095963386
108 45 -35.6920586853325 173.96212603271803
109 6 -22.80495585216277 190.66244847469153
110 15 -56.645779774912114 174.68672598412743
111 83 -16.132683062637614 154.69586522986685
112 157 -23.262677695058585 116.50176556040175
113 184 -23.124165629489937 42.95922647375672
114 7 9.448284166432712 192.80031093834006
115 154 -2.645217559856637 95.9356078341311
116 0 nan 196.13448263325
117 182 -17.339310697392186 39.379040984827725
118 12 29.6394950851172 188.157403819333
119 4 29.044614205905237 196.22948462365724
120 104 -31.308933192025115 150.23672055854485
121 8 -70.85611569494947 190.17617238114843
122 175 -30.13697722283496 44.92718781163124
123 82 -15.880506859049017 140.949727816988
124 161 -21.54634272998199 59.711464413507656
125 8 -66.46596062486532 190.7283240896137
126 45 -35.552934272414554 176.5106798967226
127 45 -35.552934272414554 176.5106798967226
128 188 -13.95328118858907 42.61203720849555
129 169 -19.104771244099517 75.09386438959135
130 170 -18.139127200551208 54.9486913039946
131 176 -27.865870377729664 53.288852969287596
132 155 -17.29054161846223 45.632456072158234
133 164 -24.041309634925366 35.22920456906469
134 175 -17.38635543969347 62.669975377564654
135 166 -27.50290563014431 71.36967952114476
136 29 -63.52510412426398 182.70794119294663
137 27 -4.934605780984004 178.4138580267155
138 150 -33.13543312959045 86.74714015505774
139 27 26.60925135856643 177.32794227969254
140 150 -33.13543312959045 86.74714015505774
141 31 -64.61596049769301 184.64745483861333
142 154 -22.49457980473942 64.1017102667241
143 166 -13.700937744753762 56.46798910511956
144 103 -11.458865463185884 143.57880118843642
145 177 -28.835054494865116 41.04391909812618
146 95 -22.977770606885734 159.0317693210614
147 98 -14.917232410755151 150.6001608589456
148 62 -16.112940600904956 173.69162728710518
149 155 -28.928619577608586 39.15712497369614
150 177 -27.578294630549003 44.348905121966666
151 196 -25.468606917606365 39.938462181305
152 0 nan 197.80161503773556
153 0 nan 195.33932206618033
154 12 -67.34855836586613 185.76385156495473
155 0 nan 195.28116523333642
156 16 5.710414696588442 188.24830702478494
157 0 nan 197.80161503773556
158 4 -62.23398883485277 193.2794207829516
159 9 9.448284166432712 192.9034771723848
160 166 -21.76427051263128 60.185906057953915
161 4 -31.319754667090887 192.32366095963386
162 0 nan 196.13448263325
163 166 -29.222018224595182 69.20062149294273
164 11 -39.113430389398964 193.4109875571561
165 0 nan 195.27029588812695
166 0 nan 197.80161503773556
167 0 nan 196.12216432567885
168 0 nan 198.81336432877862
169 124 -18.542292985996205 144.83835207808434
170 7 26.63387582997776 195.24413552309642
171 0 nan 195.28116523333642
172 7 -48.67111207970403 193.7038627723971
173 11 -70.48603341585293 182.04785010160742
174 188 -24.86332052721691 59.85412898600598
175 152 -17.32130725349116 38.28301607442913
176 130 -11.868302401709286 147.4782389291815
177 164 -15.387914449560487 121.53613277203343
178 137 -31.221633289531137 130.4152418371924
179 136 -15.882401691606471 128.47394096300263
180 164 -22.38886299827984 139.41677022769417
181 146 -5.221309615591565 120.11632839921702
182 171 -18.775720511134406 94.22198735766928
183 163 -18.233382679381236 85.85128636727634
184 165 -26.03077630851722 51.303936220274345
185 151 -21.754931012991847 121.87148778443942
186 148 -26.070036668352177 138.99617627704922
187 173 -24.366871274440726 65.30704665000414
188 122 -16.891512333570354 138.80059166238766
189 148 -19.525517039926367 129.68208418376173
190 95 -30.455515217841196 147.31476616029465
191 65 -17.474312326990052 164.85530003493187
192 171 -21.916053540659483 41.94875610591119
193 178 -14.696257670436347 38.10309189698047
194 186 -30.2804574065362 42.701100470223864
195 164 -32.06209720585199 46.09724857599287
196 173 -26.68307633585525 43.948503806933154
197 171 -23.10731114074092 34.95252594629393
198 176 -21.588653657745 39.79525239457823
199 163 -24.68940717979673 43.03926962613844
200 5 34.96189495550068 193.48423229617794
201 4 -31.319754667090887 192.32366095963386
202 109 -3.5590092384915266 146.23878613110128
203 0 nan 195.84779589885443
204 77 -21.732120850058543 157.37981462620002
205 0 nan 195.84779589885443
206 39 -7.347418635672364 173.2026024603379
207 30 -43.0735840915427 175.06513046647314
208 11 -40.94810113569849 187.70214453150328
209 152 -24.54719017174271 124.33410626201997
210 1 -66.67358697509351 193.53191359225866
211 9 -66.39729794419148 192.3405435802701
212 0 nan 195.84779589885443
213 144 -14.079311614598565 128.44102184921795
214 11 -77.91784509942265 185.30341064419312
215 10 -76.28529006696397 186.13456818674825
216 147 -9.956631209801166 114.09794793000822
217 60 -23.548499832771842 165.79160697560758
218 174 -22.082550932197385 52.26638051671577
219 158 -19.130125697061715 102.28361859209346
220 160 -29.269696770870578 78.75709168539774
221 70 -9.92446933316361 159.02936341852282
222 142 -16.39271445205921 147.64919779340997
223 118 -13.837065017775897 147.95845448209084
224 164 -21.400025935348893 61.5328233582959
225 174 -17.236621900294093 102.22843988297988
226 172 -24.4356487510138 62.908653072911804
227 164 -16.68865948249736 92.5339522322674
228 160 -28.42411924936021 57.46401652849326
229 162 -18.59803112610607 74.56174075166541
230 172 -11.633011434172714 102.44778708706014
231 154 -26.09876650626353 71.31594249760647
232 67 -19.826193661660184 157.63044349967944
233 160 -27.861667299509243 68.00792194910376
234 1 -66.67358697509351 193.5361870039515
235 67 -19.826193661660184 157.63044349967944
236 1 -66.67358697509351 193.53191359225866
237 160 -27.861667299509243 68.00792194910376
238 7 -70.22951695276316 189.45888665441123
239 4 -3.3917184222744474 192.7969891264312
240 175 -15.851258432713001 78.01131426010706
241 136 -24.36059948441134 152.92313664309106
242 152 -16.39652290304167 105.48601085876753
243 165 -17.929678435809137 92.36068344537316
244 51 -52.47658647795724 165.13828754785112
245 148 -16.39824212114042 117.61778926443009
246 92 -3.3141415718719074 159.24814559871257
247 28 39.45631572464247 178.6152076099488
248 10 -76.28529006696397 186.13456818674825
249 8 -76.28529006696397 186.19461520743647
250 175 -32.945059280506314 40.33995813853418
251 135 -5.005529968982993 149.06201210651082
252 183 -31.41747283071012 44.41000245364634
253 169 -26.31048320638334 109.98903554470111
254 173 -30.210170709002085 40.06709781500798
255 176 -20.285074022202508 44.05313537760368
256 172 -33.16264943169337 54.727915077818324
257 154 -19.528457866034763 61.77951500381789
258 0 nan 196.12216432567885
259 176 -30.282240128303144 42.36474729884779
260 14 34.43961845761381 188.95549453691962
261 174 -13.211981009303152 60.75117990276544
262 0 nan 192.82142451829242
263 8 12.322035349564338 189.00401996385176
264 153 -26.234642766388543 134.39906124852305
265 102 -18.09050974735373 148.44615824846392
266 157 -18.29813858444256 76.65021690060229
267 102 -17.1066257954722 144.9126692466718
268 171 -26.941084265354135 78.10806190106726
269 62 -31.25578661280268 165.54327443675504
270 159 -19.728326854297098 114.09254263248833
271 166 -18.630963665899834 120.8529047394508
272 137 -24.33371914330455 149.01181572209757
273 173 -23.28759934735085 42.56029817215019
274 152 -13.388083686389482 145.83807446272326
275 154 -10.833296159179532 129.66888490835268
276 149 -16.704573675979614 134.19551936054523
277 176 -23.071639514737328 55.41179603578256
278 160 -34.18732148061518 55.77100726174034
279 168 -22.32875383632359 39.882579246720155
280 93 0.5654724701293558 156.0933671969973
281 4 -0.6335630807170478 195.28120372466987
282 156 -24.11696039380075 115.99309694521338
283 16 -55.057796721560734 184.8824388946503
284 90 -20.72627322684854 155.7982655529725
285 0 nan 197.80161503773556
286 7 -54.44013312586552 194.7172210770008
287 1 -66.67358697509351 193.55814871546409
288 185 -24.090481268330343 43.281291391773514
289 102 -5.292533107999441 152.18694450449368
290 158 -15.194486365872146 91.20708885083334
291 181 -17.413892892707707 38.3883783202929
292 171 -17.18615570084326 68.80156299911704
293 115 -24.421029079823942 153.46182127300727
294 56 -5.366283884503235 176.12580667802473
295 67 -9.842096765160315 167.88035781613388
296 0 nan 195.28116523333642
297 0 nan 197.80161503773556
298 61 -22.048575513420392 163.8366672984777
299 0 nan 195.23956894824903
300 60 -21.89696040689875 168.85828859543687
301 0 nan 195.84779589885443
302 166 -20.029287481823914 37.10493700344743
303 167 -17.586719991912076 38.599753482304145
304 152 -19.95753685355259 145.3832200577154
305 150 -16.01153394864633 114.01308543172013
306 150 -28.42871898617096 139.82573653428608
307 140 -11.535391070377845 135.2431049983651
308 147 -15.393488496223165 140.9280733109027
309 164 -18.262144129726103 134.96893537899052
310 153 -22.59852586111947 136.89196747526057
311 168 -19.271732019756936 96.57562685353221
312 23 -68.82572087798917 179.30217312738995
313 15 -56.645779774912114 177.2574768728071
314 3 39.590148985656946 191.24099225220135
315 123 -6.7510362749209065 122.67385963193576
316 31 4.36868393933667 170.70065142456212
317 93 -52.70065321153299 147.20727185316366
318 3 39.590148985656946 191.64042811915965
319 23 5.797744577822839 179.04042364790507
320 186 -20.380112988300226 38.35427368869843
321 187 -25.995707393978385 40.29313553864422
322 176 -31.165064300235333 41.92675381584435
323 179 -28.924816469041705 42.42257238497445
324 186 -18.378633139011164 39.16429553125918
325 177 -30.69031175810598 41.64563292929465
326 178 -29.37037807698288 44.60740721006822
327 173 -28.783870279451946 43.35221298425721
328 7 -70.48603341585293 186.33696100944002
329 4 -62.23398883485277 193.2794207829516
330 0 nan 196.13448263325
331 7 0.3419072667529988 190.81820212398858
332 0 nan 195.84779589885443
333 3 -66.67358697509351 194.57666162297488
334 0 nan 195.84779589885443
335 0 nan 195.33932206618033
336 9 -65.32874753919778 185.76935627134753
337 169 -14.743683244248627 50.5347584492665
338 1 -66.67358697509351 192.9881143472209
339 13 -34.06595934519365 189.50868012402196
340 1 -66.67358697509351 193.5361870039515
341 168 -14.166501800356464 61.84482391288892
342 135 -15.106455246975232 117.8398882738619
343 44 -60.7733793409379 167.56016460601728
344 144 -12.220478499005372 124.55723571756019
345 86 -11.813003213921652 148.28173150615586
346 164 -23.82707614178526 52.93301758187805
347 159 -21.036050595967264 92.34061275103221
348 178 -22.168470233389797 52.19836910703758
349 158 -17.568386628748055 97.21436299461183
350 161 -22.5499266994078 110.71260613224985
351 164 -22.731965232282302 120.42412956295584
352 165 -13.685544494815112 127.20597995952275
353 102 -28.660003290140928 151.8237677764268
354 164 -25.610989658093136 70.29099931764642
355 172 -17.634737921839474 79.2616749724052
356 167 -22.900143707928486 70.21822469448367
357 131 -5.260889641870916 131.96853177157155
358 163 -27.44943802825303 136.5283062657111
359 147 -7.680098611002458 128.3310417171497
360 46 0.36729396707549666 168.27797693035373
361 161 -28.04341530699763 111.40573442387073
362 78 8.821713416846174 162.59993939224609
363 22 -16.5065647531617 186.18372261104747
364 45 26.02953383526319 175.55642220272722
365 89 -27.242562794482282 144.08883052185513
366 179 -23.703356733147686 45.134847214740645
367 158 -25.053473487449658 128.2016663665337
368 173 -23.67127148739697 90.42353064964384
369 68 -26.478041502256815 168.92036783481765
370 31 26.63387582997776 180.8456263654979
371 159 -21.725284990386037 72.10779878370376
372 17 -70.48603341585293 184.18005239986354
373 71 -12.822664654493847 168.45378160244258
374 7 -66.67358697509351 188.87706445240843
375 5 -61.90519307983952 193.022081647825
376 0 nan 195.84779589885443
377 4 29.044614205905237 196.22948462365724
378 177 -25.79258888826091 48.04340922633101
379 49 6.718677189283712 170.5810746778635
380 190 -23.493290423963032 38.3303961188738
381 66 -0.7305798114489825 168.39979221087586
382 184 -20.697155384894323 42.25771454904102
383 168 -22.29962145645994 54.15997350819081
384 173 -22.477848509613683 43.27372829324026
385 177 -19.465132954936074 46.459758973140595
386 29 15.391127094614118 180.35057690141855
387 175 -25.640074534846455 45.15614514323036
388 50 -65.11789710361106 157.98707965151135
389 173 -23.195380245337766 83.94891125074385
390 25 -66.43417948162477 180.74122607026226
391 38 -51.779171790785625 170.77670625023455
392 0 nan 195.84779589885443
393 0 nan 197.80161503773556
394 174 -20.949845212422424 77.47572288287303
395 0 nan 195.33932206618033
396 173 -18.262245601546606 69.6027821435568
397 0 nan 195.28116523333642
398 179 -31.932175642257036 40.57100001524062
399 182 -28.620690146273994 43.31647854113791
400 83 -23.56775516229496 161.17983619239027
401 97 -10.269851381642145 158.04878090368646
402 107 -10.461079634181283 156.03477973014975
403 82 -2.231401586399939 155.69017141728284
404 97 -20.275387865499177 157.15730958082503
405 91 -3.877978504451867 156.17506353228163
406 95 -10.735015393195887 148.093237933944
407 104 -8.776520549045337 154.34321877378795
408 122 -13.097410502811009 137.75919078766577
409 171 -15.679095978080275 101.90258397271658
410 0 nan 195.33932206618033
411 40 -56.27041019896578 172.7898526407555
412 0 nan 195.33932206618033
413 88 -10.076005618243178 151.60808709446806
414 0 nan 192.82142451829242
415 0 nan 195.28116523333642
416 167 -15.702307599643374 60.06446741827878
417 186 -29.46861919775285 38.903510933761396
418 101 -12.29990385403082 150.18068716915496
419 168 -17.502364612754874 76.84302312706888
420 9 -68.02352975663872 188.91822302366876
421 167 -20.949737243978152 40.964944857309035
422 141 -4.9472484261040055 130.58093801507678
423 13 -74.49068879231866 184.90165981137113
424 3 12.024135334130202 194.50263587099292
425 7 0.3419072667529988 190.81820212398858
426 10 -28.905860057838666 191.17081836507242
427 9 -7.366563761183707 191.90916186177301
428 20 14.506209615688752 185.5919341089704
429 11 26.63387582997776 188.48371840611242
430 33 -25.739753140945613 172.327865617472
431 23 -9.959427177054161 180.71210621955709
432 150 -21.474716998137964 135.5595356664246
433 182 -30.036382436988802 42.21552031204804
434 154 -18.645282597225524 121.4898945701464
435 144 -7.389723388677791 109.27143344198058
436 162 -16.703117763265745 127.33708622789165
437 170 -23.542201562176587 48.39956517960375
438 165 -28.80651496806113 41.67159440551382
439 180 -21.073190614602602 42.61630187000431
440 40 -59.690130678459326 179.12826344000314
441 11 -47.57182866610649 188.05936225903778
442 182 -26.645857056024745 66.47659085801
443 11 -57.33072888605932 187.1387208704932
444 116 -17.95374937536785 149.49803958707156
445 7 -70.48603341585293 186.33696112588066
446 115 -8.483019244752642 145.6695582005284
447 57 -34.95705846805576 166.6700374943978
448 178 -28.98621213019338 39.5021438961471
449 31 3.9764962587453967 180.6624177269293
450 192 -15.81975730497054 44.58608777135657
451 176 -19.066221322235222 44.871967767090474
452 168 -30.40111311867305 42.75074982752487
453 15 -22.938045726784313 189.2941196593963
454 71 -4.977795459845022 170.69541418595176
455 65 -6.542990563316846 167.13999797798027
456 33 -3.681935768478095 181.82004769335356
457 65 8.140603725207692 154.49348763829454
458 51 -2.3469008186614464 168.5121751055612
459 105 -13.61312429068057 146.93814979668926
460 114 -6.54105541480566 134.60210946318395
461 164 -30.154425788951617 74.14776494022648
462 129 -33.32828509792865 145.3322146979761
463 171 -18.134057716886076 46.01112699633922
464 91 -6.542990563316846 162.72351475924603
465 146 -14.92459467968702 139.50850198418348
466 12 13.156535967043567 191.49816523487496
467 84 -20.08092974064823 163.58879976612343
468 4 -31.319754667090887 192.32366095963386
469 158 -15.367912143017392 114.73100097718813
470 45 -10.241937154704377 174.9740038696032
471 10 10.028309304115611 188.0931737980356
472 0 nan 195.84779589885443
473 0 nan 195.84779589885443
474 166 -25.49839591515279 43.9164203294075
475 9 -5.364690850868256 192.90349144779915
476 168 -26.168676547544308 51.11811136920606
477 4 -62.23398883485277 193.2794207829516
478 160 -14.514570432544353 81.8177702029222
479 173 -13.827709394292292 76.33738672909949
480 173 -17.71586854691949 51.12918993413392
481 174 -20.5261859659606 48.71019308331994
482 178 -28.931901704849693 90.80406199237652
483 158 -29.08932848094789 46.23697069337465
484 163 -18.12596711597116 117.81100435448334
485 172 -29.615049355785324 52.874825144048785
486 182 -22.16265681439279 82.40448247544627
487 161 -23.928486502657254 141.98628207590673
488 11 -5.037949444808334 190.78932357640159
489 35 11.94668209507172 181.80187610642332
490 16 27.927865626589778 188.60034378882204
491 16 -16.153267598534878 186.77858519088187
492 16 -30.164256630772716 186.2243664622581
493 45 -16.164408107752774 171.50130864786556
494 25 -6.151017004869284 180.06369237604937
495 34 -17.738621223882795 178.64749796504083
496 176 -17.119767761657428 58.23330638627036
497 186 -21.211610063100437 42.391718745162585
498 90 -28.903480698165215 140.2323709649018
499 166 -23.626336363710987 74.69854070097472
500 153 -25.623557944324983 120.03233939562773
501 173 -22.12285195951988 39.4157583750837
502 156 -24.8850485251712 70.25133691559722
503 166 -23.127729481799626 61.80281824804505
504 185 -29.62749338592774 48.81213096064361
505 89 -1.4131550913390878 159.76240227950368
506 172 -30.183084911230157 47.04997172762262
507 168 -24.030052564784068 53.51169727400095
508 175 -25.014475312529644 46.50330658947601
509 54 14.120712426440154 177.41991928786996
510 100 -7.277775469323578 146.81321719149378
511 133 -10.980587606731026 136.62073675489637
