0 {0: [27, 27, 27, 27, 27, 29, 28, 28, 28, 28, 28, 28, 28, 29, 29, 29, 29, 29, 29, 28], 1: [218, 187, 145, 111, 80, 70, 53, 38, 27, 17, 14, 11, 31, 25, 20, 13, 9, 8, 8, 31]}
1 {0: [27, 27, 27, 27, 27, 30, 28, 28, 28, 28, 28, 28, 30, 28, 28, 28, 28, 28, 28, 29], 1: [228, 215, 196, 173, 150, 152, 130, 115, 96, 83, 70, 59, 69, 66, 58, 50, 47, 39, 33, 45]}
2 {0: [27, 27, 27, 27, 27, 30, 25, 26, 26, 26, 25, 25, 30, 27, 27, 27, 27, 27, 27, 27], 1: [235, 233, 231, 231, 229, 240, 245, 243, 241, 239, 239, 236, 234, 246, 245, 246, 244, 243, 238, 235]}
3 {0: [27, 27, 27, 27, 27, 30, 29, 28, 27, 27, 27, 27, 29, 28, 28, 28, 28, 28, 28, 29], 1: [214, 174, 133, 86, 60, 62, 48, 33, 24, 18, 15, 13, 26, 21, 15, 10, 9, 7, 7, 27]}
4 {0: [27, 27, 27, 27, 27, 32, 25, 25, 25, 25, 25, 25, 25, 26, 26, 26, 26, 26, 26, 26], 1: [235, 235, 232, 232, 231, 246, 253, 253, 253, 253, 252, 251, 251, 264, 269, 269, 268, 268, 268, 267]}
5 {0: [27, 27, 27, 27, 27, 28, 26, 26, 26, 26, 26, 26, 29, 24, 25, 26, 26, 26, 26, 28], 1: [225, 202, 187, 175, 154, 152, 135, 116, 93, 78, 67, 57, 64, 61, 55, 46, 35, 30, 25, 35]}
6 {0: [27, 27, 27, 27, 27, 32, 27, 27, 27, 26, 26, 26, 27, 26, 27, 27, 26, 26, 26, 26], 1: [235, 233, 231, 231, 231, 244, 251, 249, 249, 249, 246, 246, 246, 262, 262, 261, 262, 262, 260, 260]}
7 {0: [27, 27, 27, 27, 27, 30, 29, 28, 28, 28, 28, 28, 28, 29, 28, 28, 27, 27, 27, 27], 1: [235, 234, 233, 233, 232, 248, 254, 255, 255, 253, 253, 253, 253, 275, 277, 277, 278, 278, 278, 277]}
8 {0: [27, 27, 27, 27, 27, 30, 29, 28, 28, 28, 28, 28, 28, 26, 28, 27, 27, 27, 26, 26], 1: [235, 234, 233, 233, 232, 248, 254, 255, 255, 255, 255, 255, 254, 274, 274, 273, 273, 273, 274, 274]}
9 {0: [27, 27, 27, 27, 27, 30, 29, 28, 28, 28, 28, 28, 28, 29, 31, 29, 29, 29, 29, 29], 1: [235, 234, 233, 233, 232, 248, 254, 255, 255, 253, 253, 253, 253, 274, 274, 275, 275, 275, 275, 275]}
10 {0: [27, 27, 27, 27, 27, 32, 29, 28, 28, 28, 28, 28, 32, 30, 27, 27, 27, 27, 27, 26], 1: [233, 228, 212, 191, 171, 167, 157, 147, 124, 112, 87, 72, 76, 70, 62, 47, 39, 31, 25, 36]}
11 {0: [27, 27, 27, 27, 27, 32, 26, 26, 26, 26, 26, 26, 28, 30, 26, 26, 25, 25, 25, 25], 1: [235, 233, 231, 231, 231, 242, 251, 251, 250, 250, 248, 245, 246, 254, 258, 258, 256, 253, 253, 252]}
12 {0: [27, 27, 27, 27, 27, 32, 27, 27, 27, 27, 27, 27, 31, 29, 29, 28, 28, 28, 28, 27], 1: [231, 216, 196, 179, 159, 151, 135, 117, 96, 79, 66, 61, 61, 62, 57, 46, 39, 30, 28, 39]}
13 {0: [27, 27, 27, 27, 27, 32, 24, 24, 24, 24, 24, 24, 24, 27, 25, 26, 26, 26, 26, 26], 1: [235, 233, 231, 231, 228, 239, 251, 246, 245, 243, 238, 237, 236, 245, 251, 249, 248, 245, 243, 239]}
14 {0: [27, 27, 27, 27, 27, 28, 28, 28, 28, 28, 29, 29, 29, 29, 29, 29, 29, 30, 29, 29], 1: [231, 217, 195, 158, 141, 140, 126, 106, 87, 74, 59, 50, 58, 55, 47, 41, 30, 23, 15, 32]}
15 {0: [27, 27, 27, 27, 27, 27, 27, 27, 27, 27, 27, 27, 29, 28, 28, 28, 28, 28, 28, 28], 1: [224, 208, 193, 164, 142, 143, 121, 104, 87, 68, 58, 42, 54, 46, 35, 31, 26, 18, 15, 32]}
16 {0: [27, 27, 27, 27, 27, 26, 27, 25, 25, 25, 25, 25, 29, 27, 27, 26, 26, 26, 26, 24], 1: [232, 228, 216, 201, 190, 189, 184, 174, 165, 152, 143, 133, 134, 136, 130, 122, 113, 105, 97, 96]}
17 {0: [27, 27, 27, 27, 27, 25, 26, 26, 26, 26, 26, 26, 27, 27, 24, 23, 23, 23, 23, 23], 1: [235, 233, 230, 228, 225, 239, 239, 240, 237, 235, 232, 226, 225, 234, 235, 234, 230, 225, 222, 220]}
18 {0: [27, 27, 27, 27, 27, 31, 28, 28, 28, 28, 28, 28, 34, 27, 28, 28, 28, 28, 28, 28], 1: [232, 226, 215, 198, 184, 190, 179, 167, 155, 144, 134, 121, 129, 126, 116, 111, 103, 97, 90, 96]}
19 {0: [27, 27, 27, 27, 27, 29, 24, 23, 23, 23, 23, 23, 30, 23, 23, 23, 23, 23, 23, 24], 1: [235, 227, 219, 213, 200, 211, 205, 195, 185, 174, 162, 149, 145, 154, 142, 139, 131, 122, 113, 109]}
20 {0: [27, 27, 27, 27, 27, 33, 29, 28, 27, 27, 27, 27, 30, 25, 25, 26, 26, 26, 26, 30], 1: [232, 227, 214, 201, 189, 190, 177, 167, 156, 144, 133, 127, 131, 126, 117, 112, 103, 95, 88, 88]}
21 {0: [27, 27, 27, 27, 27, 32, 26, 26, 26, 26, 26, 26, 29, 28, 27, 27, 26, 26, 26, 26], 1: [235, 233, 230, 228, 225, 234, 240, 240, 237, 235, 231, 226, 225, 239, 242, 241, 240, 234, 233, 229]}
22 {0: [27, 27, 27, 27, 27, 34, 27, 28, 28, 28, 27, 27, 29, 28, 27, 26, 26, 26, 26, 27], 1: [235, 233, 231, 226, 224, 234, 241, 239, 235, 233, 230, 227, 224, 237, 240, 240, 238, 235, 234, 232]}
23 {0: [27, 27, 27, 27, 27, 36, 26, 26, 26, 26, 26, 26, 27, 24, 24, 25, 25, 24, 24, 24], 1: [235, 233, 230, 227, 225, 231, 241, 240, 239, 236, 234, 229, 226, 240, 240, 236, 230, 226, 222, 219]}
24 {0: [27, 27, 27, 27, 27, 33, 30, 26, 26, 26, 26, 26, 30, 28, 25, 25, 25, 25, 25, 30], 1: [235, 227, 226, 221, 214, 217, 213, 204, 197, 187, 174, 166, 157, 157, 153, 143, 130, 123, 102, 101]}
25 {0: [27, 27, 27, 27, 27, 30, 27, 26, 26, 26, 26, 26, 29, 27, 28, 28, 28, 28, 28, 29], 1: [234, 230, 217, 207, 190, 196, 180, 160, 150, 135, 125, 112, 115, 114, 103, 85, 77, 69, 57, 65]}
26 {0: [27, 27, 27, 27, 27, 30, 29, 26, 25, 25, 25, 25, 28, 27, 25, 25, 25, 25, 25, 28], 1: [235, 228, 224, 218, 211, 220, 218, 212, 203, 196, 188, 182, 184, 190, 187, 179, 169, 162, 154, 148]}
27 {0: [27, 27, 27, 27, 27, 29, 28, 28, 28, 28, 28, 28, 38, 31, 29, 29, 29, 29, 29, 35], 1: [235, 227, 226, 215, 208, 219, 217, 209, 202, 189, 184, 171, 165, 166, 158, 151, 137, 119, 107, 107]}
28 {0: [27, 27, 27, 27, 27, 31, 25, 24, 24, 24, 24, 24, 32, 28, 25, 24, 24, 24, 24, 31], 1: [235, 231, 229, 220, 211, 213, 213, 205, 200, 196, 187, 174, 171, 176, 171, 164, 153, 150, 145, 143]}
29 {0: [27, 27, 27, 27, 27, 31, 27, 27, 27, 27, 27, 27, 29, 27, 28, 28, 28, 28, 28, 30], 1: [234, 230, 218, 203, 184, 190, 173, 161, 147, 132, 119, 95, 105, 92, 81, 64, 50, 41, 32, 49]}
30 {0: [27, 27, 27, 27, 27, 35, 26, 26, 26, 26, 26, 26, 30, 25, 26, 26, 26, 26, 26, 30], 1: [234, 232, 228, 223, 218, 220, 224, 215, 209, 202, 192, 184, 181, 175, 166, 156, 147, 131, 118, 111]}
31 {0: [27, 27, 27, 27, 27, 31, 26, 25, 25, 24, 24, 24, 32, 27, 27, 26, 26, 26, 26, 29], 1: [234, 232, 227, 221, 215, 228, 232, 224, 213, 200, 192, 177, 172, 175, 168, 158, 141, 129, 117, 104]}
32 {0: [27, 27, 27, 27, 27, 27, 28, 28, 28, 28, 28, 28, 30, 28, 29, 29, 29, 29, 29, 28], 1: [231, 208, 185, 169, 151, 149, 129, 114, 97, 78, 57, 45, 58, 52, 42, 29, 25, 18, 18, 38]}
33 {0: [27, 27, 26, 26, 26, 30, 28, 27, 27, 27, 27, 27, 30, 28, 27, 26, 26, 26, 26, 28], 1: [229, 216, 188, 167, 142, 138, 108, 85, 62, 51, 39, 32, 43, 33, 23, 15, 12, 11, 11, 29]}
34 {0: [27, 27, 27, 27, 27, 31, 28, 25, 25, 25, 25, 25, 30, 27, 27, 26, 26, 26, 26, 30], 1: [235, 231, 229, 220, 215, 226, 220, 214, 210, 203, 198, 188, 184, 183, 176, 167, 154, 146, 137, 134]}
35 {0: [27, 27, 27, 27, 27, 30, 27, 25, 25, 25, 25, 25, 25, 25, 24, 24, 24, 24, 24, 27], 1: [231, 209, 193, 171, 150, 152, 141, 129, 107, 87, 68, 47, 55, 48, 39, 30, 22, 17, 16, 28]}
36 {0: [27, 27, 27, 27, 27, 29, 27, 27, 27, 27, 27, 27, 30, 27, 29, 28, 28, 28, 28, 30], 1: [235, 231, 227, 221, 215, 225, 226, 224, 217, 213, 206, 197, 200, 207, 203, 198, 190, 185, 178, 171]}
37 {0: [27, 27, 27, 27, 27, 31, 29, 29, 29, 29, 29, 29, 31, 27, 27, 27, 27, 27, 27, 29], 1: [229, 209, 182, 152, 119, 112, 81, 60, 43, 35, 28, 18, 36, 34, 25, 19, 15, 14, 11, 30]}
38 {0: [27, 27, 27, 27, 27, 32, 26, 26, 26, 26, 26, 26, 34, 27, 25, 25, 25, 25, 25, 32], 1: [235, 227, 226, 215, 208, 221, 223, 218, 209, 201, 190, 182, 177, 185, 176, 161, 147, 131, 122, 121]}
39 {0: [27, 27, 27, 27, 27, 33, 25, 25, 25, 25, 26, 26, 30, 24, 25, 25, 25, 26, 26, 30], 1: [235, 231, 227, 217, 215, 220, 220, 213, 211, 205, 198, 187, 190, 192, 186, 171, 163, 155, 151, 145]}
40 {0: [27, 27, 27, 27, 27, 32, 27, 27, 27, 26, 26, 26, 27, 26, 27, 27, 26, 26, 26, 26], 1: [235, 233, 231, 231, 231, 244, 251, 249, 249, 249, 246, 246, 246, 262, 262, 261, 262, 262, 260, 260]}
41 {0: [27, 27, 27, 27, 27, 32, 27, 27, 27, 26, 26, 26, 27, 24, 24, 23, 23, 23, 23, 23], 1: [235, 233, 231, 231, 231, 244, 251, 249, 249, 248, 248, 247, 245, 261, 260, 262, 260, 258, 255, 255]}
42 {0: [27, 27, 27, 27, 27, 32, 27, 27, 27, 27, 27, 27, 31, 26, 25, 24, 24, 24, 24, 27], 1: [235, 229, 221, 213, 201, 206, 208, 204, 196, 190, 183, 177, 170, 178, 176, 172, 159, 149, 142, 132]}
43 {0: [27, 27, 27, 27, 27, 32, 27, 27, 27, 26, 26, 26, 27, 24, 25, 24, 24, 24, 24, 24], 1: [235, 233, 231, 231, 231, 244, 251, 249, 249, 248, 248, 247, 245, 262, 264, 264, 260, 259, 259, 255]}
44 {0: [27, 27, 27, 27, 27, 28, 25, 26, 26, 26, 26, 26, 31, 28, 29, 28, 28, 28, 28, 29], 1: [235, 229, 221, 212, 209, 218, 214, 204, 199, 193, 185, 175, 168, 177, 174, 168, 160, 155, 151, 144]}
45 {0: [27, 27, 27, 27, 27, 32, 27, 27, 27, 26, 26, 26, 27, 23, 26, 23, 23, 23, 23, 23], 1: [235, 233, 231, 231, 231, 244, 251, 249, 249, 248, 248, 247, 245, 261, 262, 265, 263, 262, 260, 260]}
46 {0: [27, 27, 27, 27, 27, 30, 26, 27, 27, 27, 27, 27, 33, 29, 25, 25, 25, 25, 25, 26], 1: [235, 227, 219, 212, 205, 212, 203, 189, 180, 173, 164, 158, 150, 154, 152, 140, 130, 127, 118, 110]}
47 {0: [27, 27, 27, 27, 27, 33, 26, 27, 27, 27, 27, 27, 32, 26, 27, 27, 27, 27, 27, 29], 1: [235, 227, 219, 212, 208, 209, 207, 192, 179, 168, 159, 148, 144, 149, 142, 133, 127, 119, 114, 110]}
48 {0: [27, 27, 27, 27, 27, 29, 26, 26, 26, 26, 26, 26, 29, 30, 30, 30, 30, 30, 30, 29], 1: [229, 222, 206, 190, 175, 170, 156, 145, 122, 100, 88, 79, 75, 69, 59, 48, 42, 38, 34, 44]}
49 {0: [27, 27, 27, 27, 27, 27, 27, 27, 27, 27, 27, 27, 27, 26, 26, 26, 26, 26, 26, 28], 1: [225, 195, 159, 128, 89, 90, 72, 56, 47, 33, 25, 19, 35, 32, 26, 20, 19, 15, 13, 32]}
50 {0: [27, 27, 27, 27, 27, 29, 27, 27, 27, 27, 27, 27, 26, 28, 26, 26, 26, 26, 26, 31], 1: [232, 220, 196, 177, 165, 164, 139, 117, 102, 90, 79, 65, 75, 73, 64, 57, 47, 41, 36, 45]}
51 {0: [27, 27, 27, 27, 27, 27, 26, 26, 26, 26, 26, 26, 28, 28, 28, 27, 27, 27, 27, 30], 1: [228, 220, 201, 185, 163, 163, 150, 133, 115, 103, 93, 80, 81, 77, 66, 61, 50, 43, 37, 42]}
52 {0: [27, 27, 27, 27, 26, 34, 28, 27, 27, 27, 27, 27, 34, 27, 26, 26, 26, 26, 26, 29], 1: [231, 222, 211, 195, 174, 171, 160, 136, 125, 114, 98, 86, 83, 85, 74, 67, 58, 49, 43, 46]}
53 {0: [27, 27, 27, 27, 27, 28, 28, 29, 29, 29, 29, 29, 30, 29, 30, 29, 29, 29, 29, 29], 1: [222, 202, 161, 124, 98, 97, 75, 54, 44, 32, 24, 18, 37, 31, 28, 25, 19, 16, 13, 30]}
54 {0: [27, 27, 27, 27, 27, 28, 28, 27, 27, 27, 27, 27, 29, 29, 29, 29, 29, 29, 29, 31], 1: [224, 204, 176, 142, 112, 104, 77, 59, 47, 34, 25, 21, 39, 29, 24, 19, 15, 14, 12, 34]}
55 {0: [27, 27, 27, 27, 27, 28, 27, 26, 26, 26, 26, 26, 28, 26, 26, 26, 26, 26, 26, 30], 1: [227, 205, 170, 134, 111, 103, 82, 60, 46, 39, 32, 27, 42, 35, 29, 20, 16, 13, 10, 23]}
56 {0: [27, 27, 27, 27, 27, 29, 25, 24, 24, 24, 24, 24, 28, 24, 24, 23, 23, 23, 23, 24], 1: [235, 231, 226, 219, 213, 223, 223, 221, 214, 212, 208, 203, 202, 211, 209, 207, 196, 188, 181, 173]}
57 {0: [27, 27, 27, 27, 27, 30, 26, 25, 25, 25, 25, 25, 27, 28, 26, 26, 26, 26, 26, 26], 1: [235, 233, 230, 228, 225, 238, 244, 243, 240, 238, 237, 234, 230, 247, 249, 249, 246, 242, 240, 238]}
58 {0: [27, 27, 27, 27, 27, 27, 26, 26, 26, 26, 26, 26, 26, 25, 26, 25, 25, 25, 25, 25], 1: [235, 233, 231, 231, 231, 245, 252, 252, 250, 248, 246, 245, 245, 258, 260, 261, 260, 259, 258, 257]}
59 {0: [27, 27, 27, 26, 26, 28, 25, 26, 26, 26, 26, 26, 27, 26, 25, 24, 24, 24, 24, 24], 1: [235, 235, 235, 236, 236, 250, 257, 257, 257, 257, 257, 257, 257, 272, 276, 277, 277, 277, 277, 277]}
60 {0: [27, 27, 27, 26, 26, 28, 25, 26, 26, 26, 26, 26, 27, 25, 26, 24, 24, 24, 24, 24], 1: [235, 235, 235, 236, 236, 250, 257, 257, 257, 257, 257, 257, 257, 273, 275, 278, 278, 278, 278, 278]}
61 {0: [27, 27, 27, 26, 26, 28, 25, 26, 26, 26, 26, 26, 27, 26, 25, 24, 24, 24, 24, 24], 1: [235, 235, 235, 236, 236, 250, 257, 257, 257, 257, 257, 257, 257, 272, 276, 277, 277, 277, 277, 277]}
62 {0: [27, 27, 27, 27, 27, 32, 27, 27, 27, 26, 26, 26, 27, 25, 25, 24, 24, 24, 24, 24], 1: [235, 233, 231, 231, 231, 244, 251, 249, 249, 249, 248, 246, 245, 259, 261, 265, 264, 263, 261, 260]}
63 {0: [27, 27, 27, 26, 26, 28, 25, 26, 26, 26, 26, 26, 27, 26, 25, 24, 24, 24, 24, 24], 1: [235, 235, 235, 236, 236, 250, 257, 257, 257, 257, 257, 257, 257, 272, 276, 277, 277, 277, 277, 277]}
64 {0: [27, 27, 27, 27, 27, 27, 25, 25, 25, 25, 25, 25, 32, 29, 29, 28, 28, 28, 28, 29], 1: [230, 206, 176, 143, 108, 103, 79, 60, 38, 27, 20, 19, 30, 27, 19, 17, 12, 7, 7, 26]}
65 {0: [27, 27, 27, 27, 27, 34, 27, 26, 26, 26, 26, 26, 31, 27, 26, 27, 27, 27, 27, 28], 1: [235, 227, 226, 219, 215, 219, 224, 219, 208, 201, 194, 190, 186, 196, 188, 183, 176, 168, 160, 156]}
66 {0: [27, 27, 27, 27, 27, 28, 29, 29, 29, 29, 29, 29, 30, 28, 26, 26, 26, 25, 25, 26], 1: [231, 219, 201, 175, 151, 141, 119, 92, 76, 61, 45, 38, 49, 44, 35, 24, 18, 17, 12, 25]}
67 {0: [26, 26, 26, 26, 26, 28, 28, 28, 28, 28, 28, 28, 27, 27, 27, 27, 27, 27, 27, 28], 1: [221, 196, 163, 124, 102, 91, 60, 45, 34, 25, 19, 16, 36, 34, 26, 21, 17, 12, 10, 28]}
68 {0: [27, 27, 27, 27, 27, 30, 29, 29, 29, 29, 29, 29, 30, 30, 30, 30, 30, 30, 30, 32], 1: [225, 205, 186, 170, 147, 145, 121, 90, 70, 59, 42, 29, 50, 42, 31, 26, 19, 14, 13, 34]}
69 {0: [27, 27, 27, 27, 27, 34, 28, 27, 27, 27, 27, 27, 30, 28, 27, 27, 27, 27, 27, 29], 1: [235, 230, 227, 214, 207, 212, 216, 200, 191, 186, 181, 174, 169, 176, 169, 164, 151, 140, 134, 125]}
70 {0: [27, 27, 27, 27, 27, 31, 27, 27, 27, 27, 27, 27, 33, 28, 28, 28, 27, 27, 27, 28], 1: [235, 231, 227, 224, 214, 224, 222, 216, 214, 211, 207, 194, 188, 200, 194, 184, 178, 171, 164, 159]}
71 {0: [27, 27, 27, 27, 27, 28, 26, 26, 26, 26, 26, 26, 29, 27, 25, 25, 25, 25, 25, 28], 1: [235, 232, 228, 222, 215, 228, 229, 227, 221, 217, 210, 198, 194, 199, 196, 189, 183, 176, 168, 161]}
72 {0: [27, 27, 27, 27, 27, 26, 25, 25, 25, 25, 25, 25, 26, 27, 26, 26, 26, 26, 26, 26], 1: [235, 227, 219, 211, 203, 213, 201, 190, 177, 166, 155, 149, 144, 139, 133, 124, 114, 101, 93, 91]}
73 {0: [27, 27, 27, 27, 27, 25, 27, 27, 27, 27, 27, 27, 28, 29, 29, 29, 29, 29, 29, 28], 1: [227, 207, 184, 155, 126, 122, 93, 75, 56, 41, 29, 22, 33, 30, 24, 20, 19, 15, 13, 27]}
74 {0: [27, 27, 27, 27, 27, 32, 25, 26, 26, 25, 25, 25, 32, 24, 25, 24, 24, 24, 24, 27], 1: [235, 231, 225, 220, 217, 220, 223, 219, 208, 204, 198, 192, 188, 200, 194, 188, 186, 183, 179, 174]}
75 {0: [27, 27, 27, 27, 27, 26, 25, 25, 25, 25, 25, 25, 31, 27, 27, 27, 27, 27, 27, 31], 1: [235, 227, 219, 211, 203, 213, 201, 190, 172, 163, 152, 142, 139, 144, 130, 121, 112, 102, 97, 89]}
76 {0: [27, 27, 27, 27, 27, 30, 27, 27, 27, 27, 27, 27, 33, 27, 28, 26, 26, 26, 26, 27], 1: [235, 231, 226, 221, 211, 224, 217, 210, 197, 186, 182, 177, 171, 179, 171, 170, 157, 150, 143, 141]}
77 {0: [27, 27, 27, 27, 27, 30, 29, 29, 29, 29, 29, 29, 31, 28, 27, 27, 27, 27, 27, 28], 1: [223, 204, 182, 140, 126, 113, 90, 72, 54, 38, 26, 21, 39, 32, 27, 22, 17, 15, 13, 28]}
78 {0: [27, 27, 27, 27, 27, 29, 27, 27, 27, 27, 27, 27, 28, 28, 28, 28, 28, 28, 28, 32], 1: [231, 216, 210, 193, 176, 174, 149, 129, 112, 93, 85, 60, 65, 61, 57, 50, 38, 28, 22, 32]}
79 {0: [27, 27, 27, 27, 27, 26, 27, 27, 26, 26, 26, 26, 26, 26, 26, 27, 27, 27, 27, 25], 1: [228, 220, 203, 180, 158, 160, 136, 112, 95, 85, 72, 66, 76, 70, 62, 57, 47, 37, 32, 39]}
80 {0: [27, 27, 27, 27, 27, 28, 27, 27, 26, 26, 26, 26, 31, 28, 28, 26, 25, 25, 25, 25], 1: [235, 232, 226, 218, 213, 226, 226, 228, 226, 225, 221, 217, 212, 220, 223, 221, 219, 215, 203, 199]}
81 {0: [27, 27, 27, 27, 27, 29, 26, 25, 25, 25, 25, 25, 26, 26, 26, 26, 26, 26, 26, 29], 1: [226, 206, 178, 156, 133, 134, 115, 99, 84, 74, 62, 54, 59, 53, 49, 43, 36, 32, 28, 33]}
82 {0: [27, 27, 27, 27, 27, 32, 27, 27, 27, 27, 27, 27, 29, 25, 22, 21, 21, 21, 21, 21], 1: [235, 233, 231, 231, 231, 244, 251, 249, 248, 248, 247, 244, 244, 261, 266, 266, 266, 263, 262, 260]}
83 {0: [27, 27, 27, 27, 27, 30, 26, 27, 27, 27, 27, 27, 29, 27, 25, 25, 25, 25, 25, 25], 1: [235, 232, 226, 216, 214, 222, 224, 221, 217, 214, 211, 208, 206, 221, 216, 211, 206, 203, 200, 198]}
84 {0: [27, 27, 27, 27, 27, 27, 26, 26, 26, 26, 26, 26, 26, 26, 28, 25, 24, 23, 23, 23], 1: [235, 233, 231, 231, 231, 245, 252, 252, 252, 252, 249, 249, 246, 260, 257, 260, 261, 260, 259, 258]}
85 {0: [27, 27, 27, 27, 27, 25, 25, 25, 25, 25, 25, 25, 28, 28, 27, 27, 27, 27, 27, 31], 1: [226, 207, 186, 158, 136, 137, 118, 100, 83, 75, 68, 64, 65, 57, 48, 41, 35, 30, 25, 32]}
86 {0: [27, 27, 27, 27, 27, 29, 27, 26, 26, 26, 26, 26, 29, 25, 25, 25, 25, 25, 25, 32], 1: [235, 232, 220, 214, 209, 217, 209, 197, 183, 173, 166, 159, 153, 155, 145, 133, 121, 112, 97, 87]}
87 {0: [27, 27, 27, 27, 27, 31, 27, 27, 27, 26, 26, 26, 29, 26, 27, 26, 26, 26, 26, 29], 1: [235, 229, 215, 204, 196, 192, 190, 184, 171, 165, 150, 139, 133, 136, 124, 109, 99, 88, 81, 75]}
88 {0: [27, 27, 27, 27, 27, 31, 26, 26, 26, 26, 26, 26, 30, 28, 26, 26, 26, 26, 26, 29], 1: [235, 231, 229, 226, 223, 238, 238, 233, 231, 226, 222, 212, 212, 226, 224, 218, 212, 209, 204, 198]}
89 {0: [27, 27, 27, 27, 26, 30, 28, 26, 26, 26, 26, 26, 34, 29, 25, 26, 26, 26, 26, 26], 1: [235, 232, 226, 222, 222, 232, 233, 230, 226, 218, 215, 207, 203, 210, 211, 202, 197, 184, 178, 171]}
90 {0: [27, 27, 27, 27, 27, 29, 29, 28, 28, 28, 28, 28, 28, 27, 27, 27, 27, 27, 27, 30], 1: [227, 199, 170, 129, 109, 96, 82, 64, 50, 32, 22, 19, 33, 35, 30, 22, 18, 12, 11, 22]}
91 {0: [27, 27, 27, 27, 27, 30, 27, 27, 27, 27, 27, 27, 30, 30, 27, 27, 27, 27, 27, 27], 1: [235, 232, 229, 227, 227, 237, 245, 243, 241, 240, 239, 237, 234, 248, 249, 246, 241, 239, 235, 233]}
92 {0: [27, 27, 27, 27, 27, 29, 28, 28, 28, 28, 28, 28, 29, 29, 29, 29, 29, 29, 29, 27], 1: [226, 211, 173, 141, 115, 107, 83, 64, 51, 39, 30, 25, 40, 33, 26, 17, 15, 15, 11, 32]}
93 {0: [27, 27, 27, 27, 27, 30, 27, 27, 27, 27, 27, 27, 31, 26, 27, 27, 27, 27, 27, 27], 1: [235, 232, 229, 227, 227, 237, 245, 243, 241, 239, 236, 235, 233, 249, 249, 247, 245, 244, 243, 242]}
94 {0: [27, 27, 27, 27, 27, 28, 30, 29, 29, 29, 29, 29, 29, 31, 30, 30, 30, 30, 30, 26], 1: [227, 193, 157, 119, 100, 97, 72, 63, 43, 31, 27, 19, 35, 31, 26, 24, 19, 16, 12, 36]}
95 {0: [27, 27, 27, 27, 27, 33, 27, 27, 27, 27, 27, 27, 29, 28, 28, 28, 28, 28, 28, 29], 1: [223, 204, 181, 147, 119, 105, 84, 66, 48, 39, 28, 21, 32, 31, 28, 20, 17, 15, 13, 30]}
96 {0: [27, 27, 27, 27, 27, 28, 27, 28, 28, 28, 28, 28, 27, 26, 27, 27, 27, 27, 27, 29], 1: [218, 197, 172, 137, 120, 120, 99, 83, 73, 61, 54, 48, 60, 50, 40, 33, 24, 20, 16, 31]}
97 {0: [27, 27, 27, 27, 27, 32, 28, 28, 28, 28, 28, 28, 31, 31, 29, 28, 28, 28, 28, 28], 1: [218, 197, 172, 137, 120, 121, 105, 89, 66, 54, 45, 41, 52, 49, 39, 34, 33, 30, 26, 37]}
98 {0: [27, 27, 26, 26, 26, 26, 25, 25, 24, 24, 24, 24, 27, 27, 27, 27, 27, 27, 27, 32], 1: [227, 205, 181, 153, 128, 122, 108, 90, 79, 68, 56, 45, 54, 49, 43, 33, 27, 22, 19, 29]}
99 {0: [27, 27, 26, 26, 26, 29, 27, 27, 27, 27, 27, 27, 28, 27, 27, 27, 27, 27, 27, 27], 1: [228, 203, 179, 150, 125, 116, 96, 81, 59, 44, 36, 34, 45, 38, 29, 25, 23, 18, 15, 32]}
100 {0: [27, 27, 27, 27, 27, 27, 28, 28, 28, 28, 28, 27, 29, 27, 27, 27, 27, 27, 27, 27], 1: [226, 199, 170, 148, 128, 117, 93, 85, 74, 53, 39, 35, 49, 40, 35, 27, 21, 19, 14, 33]}
101 {0: [27, 27, 27, 27, 27, 26, 28, 27, 27, 27, 27, 27, 28, 28, 27, 27, 27, 27, 27, 27], 1: [228, 200, 172, 141, 113, 120, 97, 77, 63, 52, 40, 33, 41, 39, 32, 25, 22, 19, 16, 29]}
102 {0: [27, 27, 27, 27, 27, 28, 27, 27, 27, 27, 27, 27, 29, 26, 26, 26, 26, 26, 26, 31], 1: [222, 202, 176, 151, 125, 132, 114, 89, 75, 62, 50, 39, 52, 53, 48, 44, 36, 34, 30, 40]}
103 {0: [27, 27, 27, 27, 27, 30, 29, 29, 29, 29, 29, 29, 27, 27, 27, 27, 27, 27, 27, 29], 1: [223, 192, 168, 130, 103, 101, 82, 67, 53, 46, 35, 26, 39, 34, 30, 24, 14, 11, 7, 27]}
104 {0: [27, 27, 27, 26, 26, 28, 25, 26, 26, 26, 26, 26, 27, 26, 25, 24, 24, 24, 24, 24], 1: [235, 235, 235, 236, 236, 250, 257, 257, 257, 257, 257, 257, 257, 272, 276, 277, 277, 277, 277, 277]}
105 {0: [27, 27, 27, 26, 26, 28, 25, 26, 26, 26, 26, 26, 27, 25, 26, 24, 24, 24, 24, 24], 1: [235, 235, 235, 236, 236, 250, 257, 257, 257, 257, 257, 257, 257, 273, 275, 278, 278, 278, 278, 278]}
106 {0: [27, 27, 27, 27, 27, 30, 26, 26, 26, 26, 26, 26, 29, 27, 25, 25, 26, 25, 25, 26], 1: [235, 233, 232, 231, 231, 246, 252, 253, 253, 252, 251, 250, 249, 266, 269, 268, 268, 268, 268, 268]}
107 {0: [27, 27, 27, 27, 27, 30, 26, 27, 27, 27, 27, 27, 27, 25, 26, 26, 26, 26, 26, 26], 1: [235, 235, 234, 233, 233, 250, 255, 255, 255, 255, 255, 254, 254, 273, 274, 275, 275, 275, 275, 275]}
108 {0: [27, 27, 27, 27, 27, 33, 27, 26, 26, 26, 26, 26, 25, 26, 26, 27, 26, 26, 26, 26], 1: [235, 232, 228, 226, 221, 232, 239, 238, 232, 230, 227, 224, 224, 234, 232, 227, 223, 221, 217, 217]}
109 {0: [27, 27, 27, 27, 27, 30, 26, 26, 26, 26, 26, 26, 26, 29, 29, 27, 27, 27, 27, 27], 1: [235, 235, 234, 233, 233, 250, 256, 256, 255, 255, 255, 255, 255, 269, 272, 273, 273, 273, 272, 272]}
110 {0: [27, 27, 27, 27, 27, 35, 26, 26, 26, 26, 26, 26, 28, 27, 26, 27, 27, 27, 27, 27], 1: [235, 235, 231, 230, 228, 238, 247, 245, 243, 240, 238, 237, 235, 250, 251, 248, 248, 248, 248, 246]}
111 {0: [27, 27, 27, 27, 27, 31, 25, 26, 26, 26, 25, 25, 29, 24, 25, 24, 24, 24, 24, 24], 1: [235, 231, 225, 220, 217, 222, 224, 214, 207, 203, 194, 187, 183, 188, 180, 174, 167, 155, 145, 139]}
112 {0: [27, 27, 27, 27, 27, 29, 28, 28, 28, 28, 28, 28, 30, 30, 29, 29, 29, 29, 29, 29], 1: [231, 217, 202, 192, 182, 185, 168, 149, 131, 118, 97, 85, 96, 82, 67, 60, 53, 44, 39, 48]}
113 {0: [27, 27, 27, 27, 27, 29, 27, 27, 27, 27, 27, 27, 29, 27, 27, 27, 27, 27, 27, 29], 1: [225, 209, 185, 164, 141, 130, 105, 86, 68, 51, 37, 24, 35, 29, 25, 15, 14, 11, 9, 29]}
114 {0: [27, 27, 27, 27, 27, 30, 29, 28, 28, 28, 28, 28, 28, 28, 29, 29, 29, 29, 29, 29], 1: [235, 234, 233, 233, 232, 248, 253, 254, 253, 253, 252, 252, 251, 270, 272, 271, 270, 270, 270, 270]}
115 {0: [27, 27, 27, 27, 27, 35, 27, 26, 26, 26, 26, 26, 33, 27, 27, 27, 27, 27, 27, 31], 1: [232, 222, 208, 197, 187, 186, 175, 159, 140, 124, 110, 100, 94, 100, 88, 77, 67, 59, 50, 51]}
116 {0: [27, 27, 27, 26, 26, 28, 25, 26, 26, 26, 26, 26, 27, 26, 25, 25, 25, 25, 25, 25], 1: [235, 235, 235, 236, 236, 250, 257, 257, 257, 257, 257, 257, 257, 273, 277, 278, 278, 278, 278, 278]}
117 {0: [27, 27, 27, 27, 27, 31, 27, 27, 27, 27, 27, 27, 32, 28, 27, 27, 27, 27, 27, 30], 1: [227, 208, 186, 156, 120, 123, 104, 80, 61, 43, 35, 25, 38, 38, 31, 25, 19, 18, 16, 27]}
118 {0: [27, 27, 27, 27, 27, 32, 27, 27, 27, 27, 27, 27, 28, 28, 27, 27, 27, 27, 27, 27], 1: [235, 233, 231, 231, 231, 244, 252, 250, 248, 248, 247, 246, 245, 260, 263, 263, 262, 262, 262, 261]}
119 {0: [27, 27, 27, 27, 27, 30, 26, 27, 27, 27, 27, 27, 27, 26, 28, 27, 27, 27, 27, 27], 1: [235, 235, 234, 233, 233, 250, 255, 255, 255, 255, 255, 255, 255, 273, 274, 275, 275, 275, 275, 275]}
120 {0: [27, 27, 27, 27, 27, 35, 27, 27, 27, 27, 27, 27, 39, 29, 28, 28, 28, 28, 28, 29], 1: [235, 228, 225, 219, 214, 221, 224, 214, 205, 203, 199, 189, 188, 195, 188, 179, 167, 161, 148, 142]}
121 {0: [27, 27, 27, 27, 27, 30, 26, 26, 25, 25, 25, 25, 26, 28, 23, 23, 24, 24, 24, 24], 1: [235, 234, 233, 230, 229, 241, 250, 249, 250, 250, 250, 250, 250, 262, 266, 266, 264, 263, 262, 262]}
122 {0: [26, 26, 26, 26, 26, 28, 28, 28, 28, 28, 28, 28, 28, 26, 26, 26, 26, 26, 26, 28], 1: [226, 203, 182, 160, 123, 116, 93, 61, 39, 30, 22, 15, 34, 28, 21, 19, 16, 15, 11, 30]}
123 {0: [27, 27, 27, 27, 27, 30, 24, 23, 23, 23, 23, 23, 31, 27, 25, 25, 25, 25, 25, 28], 1: [235, 231, 227, 217, 214, 223, 221, 217, 207, 201, 197, 189, 185, 184, 178, 170, 163, 154, 147, 148]}
124 {0: [26, 26, 26, 26, 26, 27, 27, 27, 27, 27, 27, 27, 28, 27, 27, 27, 27, 27, 27, 26], 1: [226, 203, 172, 141, 120, 106, 81, 62, 44, 28, 23, 16, 32, 29, 23, 15, 12, 12, 11, 31]}
125 {0: [27, 27, 27, 27, 27, 30, 26, 26, 25, 25, 25, 25, 26, 28, 23, 24, 24, 24, 24, 24], 1: [235, 234, 233, 230, 229, 241, 250, 249, 250, 250, 250, 250, 250, 262, 268, 268, 266, 264, 264, 264]}
126 {0: [27, 27, 27, 27, 26, 28, 26, 27, 26, 26, 26, 25, 30, 25, 29, 29, 28, 28, 28, 27], 1: [235, 232, 230, 225, 222, 235, 237, 237, 237, 234, 229, 225, 223, 231, 228, 227, 226, 224, 221, 218]}
127 {0: [27, 27, 27, 27, 26, 28, 26, 27, 26, 26, 26, 25, 30, 25, 29, 29, 28, 28, 28, 27], 1: [235, 232, 230, 225, 222, 235, 237, 237, 237, 234, 229, 225, 223, 231, 228, 227, 226, 224, 221, 218]}
128 {0: [27, 27, 26, 26, 26, 29, 27, 27, 27, 27, 27, 27, 30, 27, 25, 25, 25, 25, 25, 32], 1: [220, 202, 188, 157, 132, 125, 114, 93, 76, 62, 49, 38, 46, 37, 28, 24, 18, 14, 13, 25]}
129 {0: [27, 27, 26, 26, 26, 30, 26, 26, 26, 26, 26, 26, 30, 28, 28, 28, 28, 28, 28, 28], 1: [227, 205, 181, 159, 136, 126, 110, 88, 76, 61, 49, 38, 46, 47, 42, 31, 25, 22, 18, 32]}
130 {0: [27, 27, 27, 27, 27, 26, 26, 26, 26, 26, 26, 26, 26, 25, 25, 25, 25, 25, 25, 29], 1: [226, 204, 173, 146, 127, 127, 112, 89, 71, 52, 39, 28, 36, 32, 24, 22, 19, 14, 10, 22]}
131 {0: [27, 27, 27, 27, 27, 27, 27, 27, 27, 27, 27, 27, 29, 28, 27, 27, 27, 27, 27, 27], 1: [225, 203, 179, 148, 119, 98, 79, 57, 50, 42, 30, 26, 37, 36, 27, 23, 17, 11, 10, 29]}
132 {0: [27, 27, 27, 27, 27, 27, 28, 27, 27, 27, 27, 27, 28, 30, 30, 30, 30, 29, 29, 28], 1: [226, 215, 185, 146, 132, 133, 113, 91, 68, 51, 45, 36, 39, 33, 26, 22, 17, 13, 9, 26]}
133 {0: [27, 27, 27, 27, 27, 27, 28, 28, 28, 28, 28, 28, 27, 26, 26, 26, 26, 26, 26, 28], 1: [218, 195, 173, 148, 118, 121, 96, 75, 59, 43, 32, 23, 37, 34, 24, 20, 15, 12, 8, 24]}
134 {0: [27, 27, 27, 27, 27, 28, 26, 27, 27, 27, 27, 27, 29, 28, 29, 29, 28, 28, 28, 30], 1: [226, 206, 188, 170, 151, 151, 127, 110, 88, 70, 60, 43, 57, 47, 32, 27, 24, 16, 14, 30]}
135 {0: [27, 27, 27, 27, 27, 30, 27, 28, 28, 28, 28, 28, 31, 29, 28, 27, 27, 27, 27, 30], 1: [231, 216, 196, 177, 152, 152, 140, 117, 99, 86, 69, 62, 66, 60, 60, 52, 45, 36, 28, 36]}
136 {0: [27, 27, 27, 27, 27, 30, 26, 26, 26, 26, 26, 26, 31, 29, 27, 27, 27, 27, 27, 28], 1: [235, 235, 234, 228, 228, 245, 248, 245, 241, 240, 236, 235, 234, 247, 247, 246, 242, 241, 238, 237]}
137 {0: [27, 27, 27, 27, 27, 32, 27, 27, 27, 27, 27, 27, 29, 30, 29, 29, 29, 29, 29, 28], 1: [235, 232, 229, 227, 225, 238, 242, 240, 238, 234, 232, 231, 231, 242, 238, 237, 235, 233, 233, 234]}
138 {0: [27, 27, 27, 27, 27, 27, 25, 25, 25, 25, 25, 25, 30, 26, 26, 26, 26, 26, 26, 28], 1: [224, 204, 185, 165, 150, 153, 137, 107, 94, 78, 63, 51, 57, 52, 42, 36, 33, 27, 24, 41]}
139 {0: [27, 27, 27, 27, 27, 29, 26, 26, 26, 26, 26, 26, 30, 28, 27, 27, 27, 27, 27, 28], 1: [235, 232, 230, 228, 227, 241, 243, 243, 243, 241, 239, 238, 236, 255, 257, 256, 253, 249, 247, 246]}
140 {0: [27, 27, 27, 27, 27, 27, 25, 25, 25, 25, 25, 25, 30, 26, 26, 26, 26, 26, 26, 28], 1: [224, 204, 185, 165, 150, 153, 137, 107, 94, 78, 63, 51, 57, 52, 42, 36, 33, 27, 24, 41]}
141 {0: [27, 27, 27, 27, 27, 33, 26, 26, 26, 26, 26, 26, 29, 29, 25, 25, 25, 25, 25, 25], 1: [235, 232, 229, 227, 225, 238, 245, 242, 238, 238, 237, 236, 234, 248, 252, 250, 246, 243, 238, 240]}
142 {0: [27, 27, 27, 27, 27, 26, 26, 26, 26, 26, 26, 26, 29, 27, 27, 27, 27, 27, 27, 29], 1: [223, 202, 181, 152, 132, 133, 110, 91, 82, 71, 53, 41, 46, 40, 35, 30, 26, 20, 20, 34]}
143 {0: [27, 27, 27, 27, 27, 27, 28, 25, 25, 25, 25, 25, 27, 29, 27, 27, 27, 27, 27, 27], 1: [225, 202, 175, 157, 125, 116, 89, 79, 65, 52, 43, 36, 42, 35, 34, 29, 25, 24, 23, 34]}
144 {0: [27, 27, 27, 27, 27, 26, 22, 23, 23, 23, 23, 23, 28, 24, 24, 23, 23, 23, 23, 26], 1: [235, 228, 220, 213, 202, 208, 210, 203, 190, 180, 171, 166, 157, 160, 154, 145, 139, 126, 121, 116]}
145 {0: [27, 27, 27, 27, 27, 27, 27, 27, 27, 27, 27, 27, 29, 27, 27, 27, 27, 27, 27, 29], 1: [213, 185, 141, 99, 77, 75, 56, 44, 30, 17, 14, 12, 30, 26, 18, 16, 13, 11, 9, 27]}
146 {0: [27, 27, 27, 27, 27, 30, 28, 28, 28, 28, 28, 28, 36, 25, 28, 26, 26, 26, 26, 26], 1: [235, 231, 226, 221, 210, 222, 216, 208, 199, 193, 187, 177, 173, 186, 180, 176, 165, 159, 151, 149]}
147 {0: [27, 27, 27, 26, 26, 28, 24, 25, 25, 25, 25, 25, 32, 27, 26, 26, 26, 26, 26, 27], 1: [235, 233, 230, 218, 206, 210, 210, 202, 194, 185, 175, 165, 165, 170, 166, 161, 155, 144, 134, 125]}
148 {0: [27, 27, 27, 27, 27, 28, 24, 24, 24, 24, 24, 24, 30, 24, 26, 25, 25, 25, 25, 25], 1: [235, 232, 228, 225, 218, 235, 234, 230, 224, 219, 217, 215, 214, 227, 223, 222, 217, 211, 209, 201]}
149 {0: [27, 27, 27, 27, 27, 29, 27, 27, 27, 27, 27, 27, 28, 28, 28, 28, 28, 28, 28, 30], 1: [216, 176, 136, 92, 65, 64, 53, 35, 24, 16, 14, 12, 30, 28, 21, 15, 13, 12, 9, 26]}
150 {0: [27, 27, 27, 27, 27, 31, 27, 27, 27, 27, 27, 27, 30, 29, 29, 29, 29, 29, 29, 27], 1: [223, 199, 167, 139, 108, 111, 89, 73, 48, 35, 26, 19, 34, 23, 17, 13, 11, 9, 8, 31]}
151 {0: [27, 27, 27, 27, 27, 30, 26, 26, 26, 26, 26, 26, 28, 27, 27, 27, 27, 27, 27, 30], 1: [226, 210, 175, 148, 122, 106, 87, 65, 46, 36, 27, 20, 32, 28, 26, 20, 15, 13, 10, 29]}
152 {0: [27, 27, 27, 26, 26, 28, 25, 26, 26, 26, 26, 26, 27, 25, 26, 23, 23, 23, 23, 23], 1: [235, 235, 235, 236, 236, 250, 257, 257, 257, 257, 257, 257, 257, 273, 275, 278, 278, 278, 278, 278]}
153 {0: [27, 27, 27, 26, 26, 28, 25, 26, 26, 26, 26, 26, 27, 24, 25, 26, 24, 24, 25, 25], 1: [235, 235, 235, 236, 236, 250, 257, 257, 257, 257, 257, 257, 257, 273, 275, 275, 277, 277, 277, 277]}
154 {0: [27, 27, 27, 27, 27, 32, 25, 25, 25, 25, 25, 25, 25, 28, 30, 28, 28, 28, 28, 28], 1: [235, 235, 232, 232, 231, 246, 253, 253, 253, 253, 250, 250, 250, 262, 263, 265, 265, 264, 262, 262]}
155 {0: [27, 27, 27, 26, 26, 28, 25, 26, 26, 26, 26, 26, 27, 25, 25, 24, 24, 24, 24, 24], 1: [235, 235, 235, 236, 236, 250, 257, 257, 257, 257, 257, 257, 257, 273, 276, 277, 277, 277, 277, 277]}
156 {0: [27, 27, 27, 27, 27, 31, 24, 25, 25, 24, 24, 24, 28, 27, 26, 26, 26, 25, 25, 25], 1: [235, 233, 231, 231, 229, 239, 248, 247, 245, 246, 245, 244, 243, 255, 258, 258, 257, 254, 253, 253]}
157 {0: [27, 27, 27, 26, 26, 28, 25, 26, 26, 26, 26, 26, 27, 25, 26, 23, 23, 23, 23, 23], 1: [235, 235, 235, 236, 236, 250, 257, 257, 257, 257, 257, 257, 257, 273, 275, 278, 278, 278, 278, 278]}
158 {0: [27, 27, 27, 27, 27, 30, 29, 28, 28, 28, 28, 28, 28, 26, 28, 27, 27, 27, 26, 26], 1: [235, 234, 233, 233, 232, 248, 254, 255, 255, 255, 255, 255, 254, 274, 274, 273, 273, 273, 274, 274]}
159 {0: [27, 27, 27, 27, 27, 30, 29, 28, 28, 28, 28, 28, 28, 28, 29, 29, 29, 29, 29, 29], 1: [235, 234, 233, 233, 232, 248, 253, 254, 253, 253, 252, 252, 251, 270, 271, 270, 270, 270, 270, 269]}
160 {0: [27, 27, 27, 27, 27, 30, 28, 28, 28, 28, 28, 28, 27, 28, 28, 28, 28, 28, 28, 26], 1: [217, 187, 148, 124, 95, 89, 68, 49, 42, 23, 19, 15, 34, 29, 23, 21, 16, 13, 11, 31]}
161 {0: [27, 27, 27, 27, 27, 30, 26, 27, 27, 27, 27, 27, 27, 25, 26, 26, 26, 26, 26, 26], 1: [235, 235, 234, 233, 233, 250, 255, 255, 255, 255, 255, 254, 254, 273, 274, 275, 275, 275, 275, 275]}
162 {0: [27, 27, 27, 26, 26, 28, 25, 26, 26, 26, 26, 26, 27, 26, 25, 25, 25, 25, 25, 25], 1: [235, 235, 235, 236, 236, 250, 257, 257, 257, 257, 257, 257, 257, 273, 277, 278, 278, 278, 278, 278]}
163 {0: [27, 27, 27, 27, 27, 27, 27, 27, 27, 27, 27, 27, 26, 25, 25, 25, 25, 25, 25, 26], 1: [222, 189, 149, 121, 99, 99, 76, 53, 43, 36, 29, 27, 44, 39, 33, 26, 22, 18, 15, 31]}
164 {0: [27, 27, 27, 27, 27, 32, 27, 27, 27, 27, 27, 27, 28, 27, 26, 24, 23, 23, 23, 23], 1: [235, 233, 231, 231, 231, 244, 251, 251, 251, 250, 250, 248, 246, 259, 261, 263, 264, 263, 263, 263]}
165 {0: [27, 27, 27, 26, 26, 28, 25, 26, 26, 26, 26, 26, 27, 25, 25, 24, 24, 24, 24, 24], 1: [235, 235, 235, 236, 236, 250, 257, 257, 257, 257, 257, 257, 257, 273, 276, 277, 277, 277, 277, 277]}
166 {0: [27, 27, 27, 26, 26, 28, 25, 26, 26, 26, 26, 26, 27, 25, 26, 23, 23, 23, 23, 23], 1: [235, 235, 235, 236, 236, 250, 257, 257, 257, 257, 257, 257, 257, 273, 275, 278, 278, 278, 278, 278]}
167 {0: [27, 27, 27, 26, 26, 28, 25, 26, 26, 26, 26, 26, 27, 25, 26, 24, 24, 24, 24, 24], 1: [235, 235, 235, 236, 236, 250, 257, 257, 257, 257, 257, 257, 257, 273, 275, 278, 278, 278, 278, 278]}
168 {0: [27, 27, 27, 26, 26, 28, 25, 26, 26, 26, 26, 26, 27, 25, 25, 23, 23, 23, 22, 22], 1: [235, 235, 235, 236, 236, 250, 257, 257, 257, 257, 257, 257, 257, 273, 275, 277, 277, 277, 278, 278]}
169 {0: [27, 27, 27, 27, 26, 29, 25, 26, 25, 25, 25, 25, 31, 28, 29, 28, 28, 28, 28, 29], 1: [235, 230, 223, 216, 208, 217, 217, 209, 197, 187, 174, 166, 163, 162, 150, 143, 140, 128, 115, 106]}
170 {0: [27, 27, 27, 27, 27, 32, 26, 26, 26, 26, 26, 26, 26, 26, 26, 27, 26, 26, 26, 26], 1: [235, 234, 234, 233, 233, 247, 255, 256, 256, 256, 254, 254, 253, 271, 273, 273, 274, 272, 272, 271]}
171 {0: [27, 27, 27, 26, 26, 28, 25, 26, 26, 26, 26, 26, 27, 25, 25, 24, 24, 24, 24, 24], 1: [235, 235, 235, 236, 236, 250, 257, 257, 257, 257, 257, 257, 257, 273, 276, 277, 277, 277, 277, 277]}
172 {0: [27, 27, 27, 27, 27, 31, 24, 26, 25, 25, 25, 25, 25, 29, 28, 25, 25, 25, 25, 25], 1: [235, 234, 233, 230, 229, 240, 252, 252, 251, 250, 250, 249, 249, 261, 264, 269, 269, 269, 269, 269]}
173 {0: [27, 27, 27, 27, 27, 31, 24, 26, 26, 26, 26, 26, 29, 29, 26, 24, 24, 24, 24, 24], 1: [235, 235, 231, 231, 230, 242, 250, 250, 249, 248, 243, 243, 243, 256, 261, 263, 263, 263, 263, 260]}
174 {0: [27, 27, 27, 27, 27, 30, 28, 28, 28, 28, 28, 28, 31, 27, 27, 27, 27, 27, 27, 26], 1: [227, 205, 168, 133, 113, 99, 86, 73, 54, 42, 30, 21, 36, 35, 30, 26, 20, 15, 11, 32]}
175 {0: [27, 27, 27, 27, 27, 31, 28, 28, 28, 28, 28, 28, 28, 28, 27, 27, 27, 27, 27, 29], 1: [217, 192, 170, 131, 107, 100, 83, 56, 41, 31, 18, 12, 32, 27, 18, 16, 13, 12, 9, 27]}
176 {0: [27, 27, 27, 27, 27, 26, 25, 25, 25, 25, 25, 25, 33, 26, 26, 28, 27, 27, 27, 28], 1: [235, 229, 224, 221, 213, 215, 219, 212, 198, 190, 180, 164, 156, 157, 140, 127, 116, 100, 95, 88]}
177 {0: [27, 27, 27, 27, 27, 32, 28, 28, 28, 28, 28, 28, 30, 27, 27, 27, 27, 27, 27, 26], 1: [235, 228, 215, 202, 190, 194, 187, 171, 147, 133, 118, 98, 101, 93, 81, 78, 66, 58, 50, 61]}
178 {0: [27, 27, 27, 27, 27, 24, 26, 26, 26, 26, 26, 26, 25, 26, 26, 26, 25, 25, 25, 28], 1: [232, 214, 194, 180, 157, 160, 144, 136, 119, 105, 92, 82, 92, 90, 86, 76, 71, 62, 55, 59]}
179 {0: [27, 27, 27, 27, 27, 31, 26, 25, 25, 25, 25, 25, 32, 27, 25, 25, 25, 25, 25, 30], 1: [235, 230, 220, 208, 193, 196, 187, 177, 159, 149, 134, 122, 123, 122, 115, 99, 89, 78, 69, 65]}
180 {0: [27, 27, 27, 27, 27, 30, 27, 27, 27, 27, 27, 27, 28, 24, 25, 25, 25, 25, 25, 28], 1: [232, 218, 200, 178, 167, 163, 140, 124, 112, 104, 91, 82, 87, 88, 77, 67, 60, 54, 48, 54]}
181 {0: [27, 27, 27, 27, 27, 35, 28, 27, 26, 26, 26, 26, 32, 28, 29, 29, 29, 29, 29, 33], 1: [232, 222, 208, 195, 184, 183, 178, 169, 154, 136, 120, 104, 101, 99, 91, 84, 74, 59, 51, 54]}
182 {0: [27, 27, 27, 27, 27, 32, 29, 29, 29, 29, 29, 29, 27, 28, 28, 28, 28, 28, 28, 26], 1: [234, 217, 199, 181, 163, 164, 150, 124, 111, 88, 72, 59, 73, 69, 63, 52, 48, 40, 33, 46]}
183 {0: [27, 27, 27, 27, 27, 26, 26, 26, 26, 26, 26, 26, 28, 25, 26, 26, 26, 26, 26, 30], 1: [234, 217, 189, 171, 151, 153, 141, 127, 115, 106, 93, 75, 84, 77, 72, 64, 49, 41, 33, 42]}
184 {0: [27, 27, 27, 27, 27, 31, 28, 28, 28, 28, 28, 28, 26, 27, 27, 27, 27, 27, 27, 28], 1: [231, 216, 198, 179, 164, 162, 146, 126, 110, 93, 74, 59, 68, 59, 39, 26, 22, 18, 14, 25]}
185 {0: [27, 27, 27, 27, 27, 26, 27, 27, 27, 27, 27, 27, 31, 27, 27, 27, 27, 27, 27, 29], 1: [232, 228, 216, 203, 191, 198, 186, 165, 142, 130, 115, 102, 106, 105, 90, 77, 68, 59, 53, 53]}
186 {0: [27, 27, 27, 27, 26, 25, 26, 27, 27, 27, 27, 27, 30, 26, 25, 25, 25, 25, 25, 30], 1: [235, 228, 217, 211, 201, 208, 202, 187, 183, 166, 147, 133, 125, 124, 120, 102, 94, 81, 74, 69]}
187 {0: [27, 27, 27, 27, 27, 31, 29, 29, 29, 29, 29, 29, 33, 27, 28, 28, 28, 28, 28, 32], 1: [232, 217, 210, 196, 177, 175, 163, 139, 119, 100, 82, 67, 72, 59, 46, 35, 31, 24, 21, 33]}
188 {0: [27, 27, 27, 27, 27, 32, 26, 25, 25, 25, 25, 25, 28, 26, 26, 26, 26, 26, 26, 27], 1: [235, 230, 221, 210, 203, 210, 208, 199, 191, 182, 170, 160, 161, 162, 147, 135, 127, 122, 118, 109]}
189 {0: [27, 27, 27, 27, 27, 29, 28, 27, 27, 27, 27, 27, 34, 26, 26, 26, 26, 26, 26, 30], 1: [235, 229, 218, 203, 196, 198, 186, 173, 161, 149, 141, 131, 121, 119, 106, 92, 80, 69, 62, 64]}
190 {0: [27, 27, 27, 27, 27, 31, 24, 24, 24, 24, 24, 24, 30, 28, 26, 27, 27, 27, 27, 30], 1: [235, 231, 225, 219, 212, 221, 222, 219, 210, 205, 190, 180, 168, 171, 169, 161, 148, 141, 137, 130]}
191 {0: [27, 27, 27, 27, 27, 29, 27, 26, 26, 26, 26, 26, 33, 24, 26, 25, 25, 25, 25, 25], 1: [235, 232, 228, 223, 214, 225, 226, 223, 216, 214, 211, 207, 203, 223, 222, 220, 211, 208, 202, 196]}
192 {0: [26, 26, 26, 26, 26, 29, 28, 28, 28, 28, 28, 28, 29, 28, 28, 28, 28, 28, 28, 30], 1: [216, 183, 133, 100, 67, 64, 45, 30, 21, 16, 11, 8, 30, 25, 21, 17, 12, 9, 8, 27]}
193 {0: [26, 26, 26, 26, 26, 28, 27, 26, 26, 26, 26, 26, 29, 26, 26, 26, 26, 26, 26, 29], 1: [212, 179, 140, 101, 71, 65, 53, 40, 27, 18, 13, 11, 25, 22, 17, 16, 13, 10, 8, 24]}
194 {0: [27, 27, 27, 27, 27, 30, 29, 28, 28, 28, 28, 28, 32, 28, 28, 28, 28, 28, 28, 30], 1: [216, 172, 136, 106, 81, 72, 54, 34, 24, 17, 11, 10, 30, 27, 20, 14, 9, 8, 7, 29]}
195 {0: [27, 27, 27, 27, 27, 29, 29, 29, 29, 29, 29, 29, 29, 29, 29, 29, 29, 29, 29, 27], 1: [213, 163, 115, 91, 60, 62, 49, 36, 29, 23, 17, 15, 37, 32, 24, 18, 12, 10, 9, 28]}
196 {0: [27, 27, 27, 27, 27, 28, 28, 28, 28, 28, 28, 28, 31, 29, 29, 29, 29, 29, 29, 28], 1: [213, 175, 151, 113, 87, 88, 68, 53, 28, 22, 16, 15, 32, 25, 18, 13, 11, 8, 8, 31]}
197 {0: [27, 27, 27, 27, 27, 26, 27, 27, 27, 27, 27, 27, 28, 25, 26, 26, 26, 26, 26, 28], 1: [213, 185, 144, 115, 80, 76, 54, 39, 34, 22, 14, 11, 30, 29, 27, 20, 16, 10, 9, 23]}
198 {0: [27, 27, 27, 26, 26, 25, 25, 25, 25, 25, 25, 25, 29, 29, 29, 29, 29, 29, 29, 31], 1: [219, 178, 134, 103, 71, 72, 51, 35, 28, 22, 13, 9, 25, 20, 17, 13, 11, 9, 7, 29]}
199 {0: [27, 27, 27, 27, 27, 29, 28, 27, 27, 27, 27, 27, 29, 27, 27, 27, 27, 27, 27, 27], 1: [217, 185, 136, 92, 63, 59, 43, 33, 22, 18, 11, 9, 29, 29, 24, 23, 18, 12, 10, 29]}
200 {0: [27, 27, 27, 27, 27, 29, 26, 27, 27, 27, 27, 27, 27, 27, 27, 27, 27, 27, 27, 27], 1: [235, 234, 233, 232, 231, 249, 253, 253, 253, 253, 252, 252, 251, 268, 270, 270, 270, 270, 270, 270]}
201 {0: [27, 27, 27, 27, 27, 30, 26, 27, 27, 27, 27, 27, 27, 25, 26, 26, 26, 26, 26, 26], 1: [235, 235, 234, 233, 233, 250, 255, 255, 255, 255, 255, 254, 254, 273, 274, 275, 275, 275, 275, 275]}
202 {0: [27, 27, 27, 27, 27, 34, 26, 26, 26, 26, 26, 26, 29, 29, 28, 28, 28, 28, 28, 30], 1: [235, 230, 223, 212, 209, 219, 226, 219, 206, 198, 192, 183, 170, 173, 165, 156, 150, 138, 129, 122]}
203 {0: [27, 27, 27, 26, 26, 28, 25, 26, 26, 26, 26, 26, 27, 26, 25, 24, 24, 24, 24, 24], 1: [235, 235, 235, 236, 236, 250, 257, 257, 257, 257, 257, 257, 257, 272, 276, 277, 277, 277, 277, 277]}
204 {0: [27, 27, 27, 27, 27, 28, 28, 27, 27, 27, 27, 27, 30, 21, 22, 23, 23, 23, 23, 25], 1: [235, 231, 224, 220, 215, 225, 222, 219, 212, 210, 200, 192, 191, 199, 196, 183, 174, 169, 165, 159]}
205 {0: [27, 27, 27, 26, 26, 28, 25, 26, 26, 26, 26, 26, 27, 26, 25, 24, 24, 24, 24, 24], 1: [235, 235, 235, 236, 236, 250, 257, 257, 257, 257, 257, 257, 257, 272, 276, 277, 277, 277, 277, 277]}
206 {0: [27, 27, 27, 27, 27, 28, 27, 27, 26, 26, 26, 26, 29, 25, 25, 26, 25, 25, 25, 25], 1: [235, 233, 231, 227, 225, 235, 238, 236, 231, 227, 226, 222, 218, 227, 226, 225, 224, 222, 218, 217]}
207 {0: [27, 27, 27, 27, 27, 31, 27, 27, 26, 25, 25, 25, 26, 25, 25, 25, 25, 25, 25, 25], 1: [235, 233, 231, 231, 229, 239, 245, 243, 242, 240, 237, 234, 232, 242, 244, 243, 242, 240, 239, 236]}
208 {0: [27, 27, 27, 27, 27, 32, 27, 27, 27, 27, 27, 27, 27, 27, 26, 25, 25, 25, 25, 25], 1: [235, 233, 231, 231, 231, 244, 251, 249, 248, 248, 246, 246, 241, 260, 260, 260, 260, 259, 259, 256]}
209 {0: [27, 27, 27, 27, 27, 29, 27, 27, 27, 27, 27, 27, 29, 29, 28, 27, 27, 27, 27, 31], 1: [233, 227, 221, 209, 194, 199, 194, 176, 161, 148, 130, 117, 119, 114, 100, 83, 73, 63, 53, 47]}
210 {0: [27, 27, 27, 27, 27, 33, 26, 27, 27, 27, 27, 27, 27, 24, 24, 25, 25, 25, 25, 25], 1: [235, 234, 233, 233, 233, 245, 256, 256, 256, 256, 256, 256, 256, 274, 275, 276, 276, 276, 276, 276]}
211 {0: [27, 27, 27, 27, 27, 32, 27, 27, 27, 27, 27, 27, 27, 27, 24, 22, 22, 22, 22, 22], 1: [235, 233, 231, 231, 231, 244, 251, 249, 247, 247, 246, 246, 246, 262, 265, 263, 263, 263, 261, 260]}
212 {0: [27, 27, 27, 26, 26, 28, 25, 26, 26, 26, 26, 26, 27, 26, 25, 24, 24, 24, 24, 24], 1: [235, 235, 235, 236, 236, 250, 257, 257, 257, 257, 257, 257, 257, 272, 276, 277, 277, 277, 277, 277]}
213 {0: [27, 27, 27, 27, 27, 28, 23, 24, 24, 24, 24, 24, 28, 30, 29, 29, 29, 29, 29, 30], 1: [234, 228, 218, 207, 197, 202, 202, 196, 178, 164, 149, 136, 134, 125, 115, 104, 94, 84, 69, 75]}
214 {0: [27, 27, 27, 27, 27, 31, 24, 26, 26, 26, 26, 26, 28, 29, 25, 23, 23, 23, 23, 23], 1: [235, 235, 231, 231, 230, 242, 250, 250, 249, 248, 247, 245, 244, 257, 263, 266, 264, 264, 264, 262]}
215 {0: [27, 27, 27, 27, 27, 33, 25, 25, 25, 25, 25, 25, 28, 27, 25, 26, 26, 26, 26, 26], 1: [235, 235, 232, 232, 231, 245, 254, 255, 255, 254, 254, 254, 255, 265, 270, 269, 268, 268, 268, 266]}
216 {0: [27, 27, 27, 27, 27, 34, 29, 26, 26, 26, 26, 26, 30, 25, 28, 28, 28, 28, 28, 30], 1: [235, 229, 219, 202, 189, 186, 181, 175, 166, 156, 139, 134, 128, 121, 103, 90, 83, 75, 69, 67]}
217 {0: [27, 27, 27, 27, 27, 33, 26, 26, 25, 25, 25, 25, 30, 26, 27, 26, 26, 25, 25, 25], 1: [235, 232, 228, 225, 217, 230, 229, 224, 221, 218, 215, 213, 208, 221, 214, 210, 205, 203, 198, 193]}
218 {0: [27, 27, 27, 27, 27, 27, 26, 26, 26, 26, 26, 26, 31, 28, 28, 28, 28, 29, 29, 28], 1: [224, 206, 183, 161, 136, 136, 117, 91, 76, 57, 47, 38, 46, 41, 33, 26, 20, 19, 15, 33]}
219 {0: [27, 27, 27, 27, 27, 27, 25, 25, 24, 24, 24, 24, 28, 23, 23, 24, 24, 23, 23, 26], 1: [235, 229, 215, 204, 196, 203, 191, 178, 161, 140, 123, 110, 107, 111, 91, 74, 64, 60, 53, 48]}
220 {0: [27, 27, 27, 27, 27, 31, 29, 29, 29, 29, 29, 29, 28, 29, 24, 24, 24, 24, 24, 27], 1: [224, 209, 182, 153, 125, 120, 100, 83, 72, 51, 39, 33, 51, 43, 38, 30, 23, 18, 15, 29]}
221 {0: [27, 27, 27, 27, 27, 35, 30, 29, 29, 29, 29, 29, 32, 29, 28, 28, 28, 28, 28, 28], 1: [235, 231, 230, 226, 219, 227, 230, 225, 220, 215, 209, 200, 199, 212, 209, 200, 189, 186, 174, 169]}
222 {0: [27, 27, 27, 27, 27, 29, 26, 27, 27, 27, 27, 27, 36, 28, 28, 28, 28, 28, 28, 33], 1: [235, 226, 213, 202, 189, 198, 194, 181, 171, 147, 139, 130, 123, 123, 115, 105, 94, 83, 74, 75]}
223 {0: [27, 27, 27, 27, 27, 33, 25, 25, 25, 25, 25, 25, 28, 28, 27, 27, 27, 27, 27, 32], 1: [233, 227, 218, 207, 194, 198, 197, 187, 179, 174, 160, 147, 139, 142, 130, 121, 114, 103, 94, 91]}
224 {0: [27, 27, 27, 27, 27, 31, 28, 28, 28, 28, 28, 28, 30, 27, 27, 27, 27, 27, 27, 30], 1: [224, 204, 180, 149, 125, 124, 112, 94, 71, 59, 49, 43, 51, 45, 35, 27, 22, 20, 17, 29]}
225 {0: [27, 27, 27, 27, 27, 28, 27, 27, 27, 27, 28, 28, 26, 25, 27, 27, 27, 28, 28, 29], 1: [231, 217, 206, 179, 164, 168, 149, 133, 119, 103, 88, 79, 79, 69, 61, 50, 44, 37, 31, 40]}
226 {0: [27, 27, 27, 27, 27, 27, 26, 25, 25, 25, 25, 25, 30, 26, 26, 26, 26, 26, 26, 28], 1: [224, 205, 182, 154, 129, 130, 112, 93, 73, 59, 49, 40, 40, 38, 35, 29, 23, 19, 19, 32]}
227 {0: [27, 27, 27, 27, 27, 28, 25, 25, 25, 25, 25, 25, 30, 30, 30, 30, 30, 30, 30, 27], 1: [223, 204, 176, 156, 134, 121, 109, 92, 75, 62, 51, 41, 48, 46, 41, 37, 34, 31, 29, 42]}
228 {0: [27, 27, 27, 27, 27, 29, 30, 30, 28, 28, 28, 28, 29, 29, 28, 28, 28, 28, 28, 28], 1: [224, 206, 177, 154, 121, 118, 106, 87, 76, 66, 53, 45, 56, 45, 31, 26, 19, 16, 15, 29]}
229 {0: [27, 27, 27, 27, 27, 29, 28, 28, 28, 28, 28, 28, 28, 26, 26, 28, 28, 28, 28, 28], 1: [231, 214, 198, 179, 161, 164, 154, 131, 113, 95, 86, 77, 81, 72, 60, 57, 49, 42, 34, 40]}
230 {0: [27, 27, 27, 27, 27, 34, 29, 28, 27, 27, 27, 27, 29, 27, 28, 29, 29, 29, 29, 29], 1: [231, 217, 206, 186, 167, 158, 149, 132, 118, 102, 83, 73, 73, 66, 60, 54, 48, 44, 40, 48]}
231 {0: [27, 27, 27, 27, 27, 30, 25, 24, 24, 24, 24, 24, 30, 28, 26, 26, 26, 26, 26, 33], 1: [231, 214, 196, 182, 167, 172, 153, 140, 126, 112, 103, 91, 86, 82, 73, 58, 52, 42, 33, 34]}
232 {0: [27, 27, 27, 27, 27, 31, 30, 28, 28, 28, 28, 28, 30, 27, 27, 26, 27, 27, 27, 29], 1: [235, 232, 228, 224, 213, 222, 225, 223, 219, 212, 205, 199, 200, 210, 203, 198, 189, 182, 177, 170]}
233 {0: [27, 27, 27, 27, 27, 29, 28, 26, 26, 26, 26, 26, 33, 29, 29, 29, 29, 29, 29, 31], 1: [232, 225, 206, 185, 174, 175, 154, 136, 115, 99, 80, 67, 69, 57, 39, 29, 22, 17, 15, 33]}
234 {0: [27, 27, 27, 27, 27, 33, 26, 27, 27, 27, 27, 27, 27, 24, 24, 25, 25, 25, 25, 25], 1: [235, 234, 233, 233, 233, 245, 256, 256, 256, 256, 256, 256, 256, 274, 275, 276, 276, 276, 276, 276]}
235 {0: [27, 27, 27, 27, 27, 31, 30, 28, 28, 28, 28, 28, 30, 27, 27, 26, 27, 27, 27, 29], 1: [235, 232, 228, 224, 213, 222, 225, 223, 219, 212, 205, 199, 200, 210, 203, 198, 189, 182, 177, 170]}
236 {0: [27, 27, 27, 27, 27, 33, 26, 27, 27, 27, 27, 27, 27, 24, 24, 25, 25, 25, 25, 25], 1: [235, 234, 233, 233, 233, 245, 256, 256, 256, 256, 256, 256, 256, 274, 275, 276, 276, 276, 276, 276]}
237 {0: [27, 27, 27, 27, 27, 29, 28, 26, 26, 26, 26, 26, 33, 29, 29, 29, 29, 29, 29, 31], 1: [232, 225, 206, 185, 174, 175, 154, 136, 115, 99, 80, 67, 69, 57, 39, 29, 22, 17, 15, 33]}
238 {0: [27, 27, 27, 27, 27, 29, 26, 27, 27, 27, 27, 27, 28, 28, 28, 27, 27, 27, 27, 27], 1: [235, 234, 233, 232, 231, 249, 253, 253, 253, 253, 251, 249, 250, 262, 265, 266, 266, 265, 264, 264]}
239 {0: [27, 27, 27, 27, 27, 29, 26, 27, 27, 27, 27, 27, 27, 25, 25, 26, 25, 25, 25, 25], 1: [235, 234, 233, 232, 231, 249, 253, 253, 253, 253, 251, 250, 250, 268, 269, 269, 270, 269, 269, 269]}
240 {0: [27, 27, 27, 27, 27, 29, 28, 28, 28, 28, 28, 28, 27, 28, 28, 28, 28, 28, 28, 30], 1: [226, 207, 184, 162, 140, 136, 124, 113, 94, 80, 72, 61, 63, 49, 38, 32, 28, 26, 21, 34]}
241 {0: [27, 27, 27, 27, 27, 37, 25, 24, 24, 24, 24, 24, 27, 25, 24, 24, 24, 24, 24, 27], 1: [230, 220, 208, 200, 189, 185, 191, 182, 173, 156, 147, 132, 129, 127, 120, 112, 100, 91, 85, 84]}
242 {0: [27, 27, 27, 27, 27, 27, 25, 25, 25, 25, 25, 25, 31, 26, 25, 25, 25, 25, 25, 33], 1: [232, 226, 213, 195, 178, 188, 178, 165, 149, 135, 121, 106, 102, 100, 87, 78, 68, 59, 52, 50]}
243 {0: [27, 27, 27, 27, 27, 27, 28, 26, 26, 26, 26, 26, 29, 27, 28, 28, 28, 28, 28, 31], 1: [225, 202, 175, 157, 125, 116, 89, 77, 63, 53, 42, 34, 42, 45, 42, 37, 28, 26, 23, 36]}
244 {0: [27, 27, 27, 27, 27, 31, 24, 25, 25, 25, 25, 25, 28, 26, 27, 26, 26, 26, 26, 27], 1: [235, 231, 227, 225, 221, 236, 240, 238, 235, 231, 226, 220, 217, 224, 225, 221, 213, 208, 201, 197]}
245 {0: [27, 27, 27, 27, 27, 29, 26, 26, 26, 26, 26, 26, 27, 26, 26, 26, 26, 26, 26, 32], 1: [232, 222, 209, 196, 181, 181, 172, 160, 137, 122, 118, 105, 108, 105, 96, 84, 75, 70, 61, 56]}
246 {0: [27, 27, 27, 27, 27, 30, 27, 27, 27, 27, 27, 27, 32, 26, 27, 26, 24, 24, 24, 24], 1: [235, 231, 225, 218, 212, 221, 220, 211, 200, 194, 189, 181, 180, 190, 180, 174, 168, 160, 154, 148]}
247 {0: [27, 27, 27, 27, 27, 29, 27, 27, 26, 26, 26, 26, 32, 29, 29, 28, 28, 28, 28, 28], 1: [235, 232, 229, 227, 227, 240, 246, 240, 237, 237, 234, 231, 230, 240, 243, 244, 243, 241, 241, 239]}
248 {0: [27, 27, 27, 27, 27, 33, 25, 25, 25, 25, 25, 25, 28, 27, 25, 26, 26, 26, 26, 26], 1: [235, 235, 232, 232, 231, 245, 254, 255, 255, 254, 254, 254, 255, 265, 270, 269, 268, 268, 268, 266]}
249 {0: [27, 27, 27, 27, 27, 33, 25, 25, 25, 25, 25, 25, 28, 27, 25, 26, 26, 26, 26, 26], 1: [235, 235, 232, 232, 231, 245, 254, 255, 255, 254, 254, 254, 255, 265, 270, 269, 268, 268, 267, 267]}
250 {0: [26, 26, 26, 26, 26, 28, 28, 28, 28, 28, 28, 28, 31, 29, 29, 29, 29, 29, 29, 29], 1: [217, 170, 115, 86, 63, 63, 44, 31, 22, 15, 10, 7, 29, 25, 18, 13, 9, 8, 6, 31]}
251 {0: [27, 27, 27, 27, 27, 28, 24, 24, 24, 24, 24, 24, 28, 24, 24, 25, 25, 25, 25, 27], 1: [235, 227, 221, 210, 203, 208, 213, 204, 187, 176, 165, 157, 147, 154, 138, 131, 119, 111, 101, 99]}
252 {0: [27, 27, 27, 27, 27, 29, 27, 28, 27, 27, 27, 27, 29, 29, 29, 28, 28, 28, 28, 28], 1: [219, 187, 150, 116, 81, 78, 57, 43, 34, 23, 19, 13, 28, 25, 22, 14, 11, 9, 7, 27]}
253 {0: [27, 27, 27, 27, 27, 30, 28, 27, 27, 27, 27, 27, 28, 28, 27, 27, 27, 27, 27, 28], 1: [232, 228, 222, 206, 194, 191, 180, 158, 145, 135, 120, 103, 104, 99, 90, 78, 61, 53, 43, 44]}
254 {0: [27, 27, 27, 27, 27, 29, 29, 29, 29, 29, 29, 29, 28, 28, 28, 28, 28, 28, 28, 30], 1: [212, 160, 104, 74, 49, 49, 41, 33, 23, 18, 10, 7, 28, 22, 20, 13, 11, 10, 8, 27]}
255 {0: [27, 27, 27, 27, 27, 30, 29, 28, 28, 28, 28, 28, 30, 28, 28, 28, 28, 28, 28, 27], 1: [215, 169, 123, 97, 64, 66, 48, 38, 28, 19, 16, 13, 32, 28, 24, 22, 18, 15, 12, 32]}
256 {0: [27, 27, 27, 27, 27, 28, 28, 28, 28, 28, 28, 28, 29, 27, 26, 26, 26, 26, 26, 28], 1: [217, 183, 152, 126, 92, 87, 71, 53, 44, 29, 26, 20, 39, 33, 27, 24, 19, 15, 14, 32]}
257 {0: [27, 27, 27, 27, 27, 28, 29, 29, 29, 29, 29, 29, 30, 30, 29, 29, 29, 29, 29, 28], 1: [226, 204, 178, 142, 119, 117, 95, 74, 55, 46, 35, 26, 39, 39, 33, 27, 20, 19, 13, 31]}
258 {0: [27, 27, 27, 26, 26, 28, 25, 26, 26, 26, 26, 26, 27, 25, 26, 24, 24, 24, 24, 24], 1: [235, 235, 235, 236, 236, 250, 257, 257, 257, 257, 257, 257, 257, 273, 275, 278, 278, 278, 278, 278]}
259 {0: [27, 27, 27, 27, 27, 24, 25, 25, 25, 25, 25, 25, 27, 26, 25, 25, 25, 25, 25, 26], 1: [222, 189, 163, 132, 104, 92, 68, 50, 31, 25, 21, 17, 28, 25, 19, 17, 10, 9, 8, 26]}
260 {0: [27, 27, 27, 27, 27, 32, 27, 27, 27, 26, 26, 26, 27, 25, 25, 27, 26, 26, 26, 26], 1: [235, 233, 231, 231, 231, 244, 251, 249, 249, 249, 248, 246, 245, 260, 260, 256, 257, 257, 256, 256]}
261 {0: [27, 27, 27, 27, 27, 31, 29, 29, 29, 29, 29, 29, 30, 28, 29, 29, 29, 29, 29, 29], 1: [218, 195, 173, 152, 128, 119, 97, 78, 58, 48, 41, 35, 45, 46, 42, 37, 31, 28, 21, 32]}
262 {0: [27, 27, 27, 26, 26, 28, 25, 26, 26, 26, 26, 26, 27, 25, 26, 25, 25, 25, 25, 25], 1: [235, 235, 235, 236, 236, 250, 257, 257, 257, 257, 257, 257, 257, 273, 275, 276, 276, 276, 276, 276]}
263 {0: [27, 27, 27, 27, 27, 32, 27, 27, 27, 27, 27, 27, 27, 26, 26, 26, 26, 26, 26, 26], 1: [235, 233, 231, 231, 231, 244, 251, 250, 250, 250, 250, 247, 247, 266, 268, 267, 267, 267, 266, 266]}
264 {0: [27, 27, 27, 27, 27, 29, 27, 27, 27, 27, 27, 27, 38, 27, 28, 28, 28, 28, 28, 36], 1: [235, 228, 210, 197, 187, 200, 186, 171, 154, 142, 134, 127, 126, 123, 112, 105, 91, 83, 73, 75]}
265 {0: [27, 27, 27, 27, 27, 34, 26, 26, 26, 26, 26, 26, 27, 30, 27, 26, 25, 25, 25, 26], 1: [235, 230, 223, 212, 209, 219, 226, 214, 208, 201, 187, 174, 168, 174, 168, 156, 152, 139, 126, 119]}
266 {0: [27, 27, 27, 27, 27, 28, 28, 28, 28, 28, 28, 28, 30, 27, 26, 26, 26, 26, 26, 31], 1: [229, 213, 195, 183, 165, 156, 138, 117, 102, 92, 79, 68, 74, 72, 65, 53, 45, 39, 33, 36]}
267 {0: [27, 27, 27, 27, 27, 31, 28, 26, 26, 26, 26, 26, 33, 27, 26, 26, 26, 26, 26, 32], 1: [235, 231, 229, 220, 215, 226, 225, 219, 207, 198, 190, 180, 175, 175, 169, 161, 152, 143, 138, 133]}
268 {0: [27, 27, 26, 26, 26, 29, 27, 27, 27, 27, 27, 27, 29, 29, 28, 28, 28, 28, 28, 25], 1: [231, 208, 187, 164, 140, 140, 131, 118, 98, 87, 78, 71, 72, 66, 51, 41, 32, 26, 23, 40]}
269 {0: [27, 27, 27, 27, 27, 28, 27, 27, 27, 27, 27, 27, 31, 29, 28, 27, 27, 27, 27, 28], 1: [235, 231, 228, 222, 218, 230, 229, 222, 220, 217, 214, 205, 199, 209, 209, 209, 206, 202, 199, 192]}
270 {0: [27, 27, 27, 27, 27, 32, 29, 29, 29, 29, 29, 29, 30, 30, 29, 29, 29, 29, 29, 33], 1: [231, 217, 209, 194, 174, 177, 157, 139, 119, 107, 96, 82, 88, 86, 77, 71, 63, 50, 42, 48]}
271 {0: [27, 27, 27, 27, 27, 38, 28, 28, 28, 28, 28, 28, 31, 29, 28, 28, 28, 28, 28, 30], 1: [234, 226, 211, 195, 182, 180, 177, 155, 135, 121, 109, 94, 93, 92, 85, 66, 60, 57, 45, 49]}
272 {0: [27, 27, 27, 27, 27, 26, 27, 27, 27, 27, 27, 27, 29, 31, 26, 26, 26, 26, 26, 27], 1: [232, 225, 215, 205, 193, 196, 185, 171, 159, 146, 128, 115, 114, 112, 106, 98, 88, 82, 75, 74]}
273 {0: [26, 26, 26, 26, 26, 29, 28, 28, 28, 28, 28, 28, 30, 27, 27, 27, 27, 27, 27, 25], 1: [213, 182, 143, 99, 76, 69, 53, 34, 25, 17, 11, 9, 29, 27, 23, 17, 12, 10, 8, 30]}
274 {0: [27, 27, 27, 27, 27, 31, 27, 26, 26, 26, 26, 26, 24, 27, 26, 27, 27, 27, 27, 28], 1: [232, 221, 202, 186, 172, 179, 170, 155, 144, 127, 111, 99, 103, 104, 99, 84, 77, 68, 59, 61]}
275 {0: [27, 27, 27, 27, 27, 29, 26, 26, 26, 26, 26, 26, 28, 28, 28, 28, 28, 28, 28, 27], 1: [232, 222, 213, 203, 183, 184, 176, 158, 133, 118, 106, 97, 96, 95, 91, 86, 81, 78, 72, 70]}
276 {0: [27, 27, 27, 27, 27, 27, 27, 27, 27, 27, 27, 27, 33, 27, 27, 27, 27, 27, 27, 33], 1: [232, 220, 211, 195, 186, 190, 189, 174, 163, 148, 135, 124, 121, 129, 121, 114, 106, 88, 76, 71]}
277 {0: [27, 27, 27, 27, 27, 31, 30, 30, 30, 30, 30, 30, 32, 30, 30, 30, 30, 30, 30, 26], 1: [215, 178, 131, 103, 77, 87, 68, 49, 36, 31, 23, 19, 38, 34, 28, 21, 16, 12, 11, 33]}
278 {0: [26, 26, 26, 26, 26, 27, 27, 27, 27, 27, 27, 27, 28, 29, 28, 28, 28, 28, 28, 28], 1: [209, 170, 128, 100, 71, 67, 46, 36, 23, 18, 14, 13, 33, 29, 22, 17, 13, 9, 9, 31]}
279 {0: [27, 27, 27, 27, 27, 32, 28, 28, 28, 28, 28, 28, 27, 28, 27, 27, 27, 27, 27, 30], 1: [214, 182, 146, 111, 89, 77, 60, 47, 39, 32, 24, 15, 34, 28, 21, 20, 14, 9, 8, 24]}
280 {0: [27, 27, 27, 27, 27, 30, 26, 26, 26, 26, 26, 26, 30, 27, 27, 25, 25, 25, 25, 24], 1: [235, 229, 221, 212, 204, 220, 217, 208, 200, 192, 185, 181, 177, 182, 180, 170, 160, 149, 139, 132]}
281 {0: [27, 27, 27, 27, 27, 32, 26, 26, 26, 26, 26, 26, 26, 26, 26, 27, 26, 26, 26, 26], 1: [235, 234, 234, 233, 233, 247, 255, 256, 256, 256, 254, 254, 253, 271, 273, 273, 274, 274, 274, 274]}
282 {0: [27, 27, 27, 26, 26, 31, 26, 26, 25, 25, 25, 25, 26, 24, 24, 25, 25, 25, 25, 29], 1: [230, 220, 211, 199, 180, 182, 174, 163, 154, 140, 130, 119, 115, 111, 93, 85, 74, 60, 50, 52]}
283 {0: [27, 27, 27, 27, 27, 32, 27, 27, 27, 26, 26, 26, 27, 25, 26, 26, 26, 26, 26, 26], 1: [235, 233, 231, 231, 231, 244, 251, 249, 249, 248, 248, 246, 246, 260, 258, 257, 254, 254, 253, 252]}
284 {0: [27, 27, 27, 27, 27, 28, 28, 28, 28, 28, 28, 28, 29, 26, 28, 28, 28, 28, 28, 29], 1: [235, 232, 228, 225, 218, 227, 223, 218, 213, 210, 203, 197, 188, 191, 190, 183, 175, 169, 162, 157]}
285 {0: [27, 27, 27, 26, 26, 28, 25, 26, 26, 26, 26, 26, 27, 25, 26, 23, 23, 23, 23, 23], 1: [235, 235, 235, 236, 236, 250, 257, 257, 257, 257, 257, 257, 257, 273, 275, 278, 278, 278, 278, 278]}
286 {0: [27, 27, 27, 27, 27, 32, 27, 27, 27, 27, 27, 27, 27, 23, 24, 23, 22, 22, 22, 22], 1: [235, 233, 231, 231, 231, 244, 251, 251, 251, 250, 250, 248, 248, 266, 269, 269, 270, 269, 269, 269]}
287 {0: [27, 27, 27, 27, 27, 33, 26, 27, 27, 27, 27, 27, 27, 24, 24, 25, 25, 25, 25, 25], 1: [235, 234, 233, 233, 233, 245, 256, 256, 256, 256, 256, 256, 256, 274, 275, 275, 275, 275, 275, 275]}
288 {0: [27, 27, 27, 27, 27, 29, 27, 27, 27, 27, 27, 27, 28, 27, 27, 27, 27, 27, 27, 30], 1: [222, 198, 149, 121, 87, 87, 74, 57, 46, 37, 30, 21, 33, 33, 30, 19, 16, 14, 12, 26]}
289 {0: [27, 27, 27, 27, 27, 32, 25, 26, 26, 26, 26, 26, 27, 25, 27, 27, 26, 26, 25, 29], 1: [235, 228, 224, 216, 208, 213, 208, 201, 188, 180, 165, 156, 154, 153, 150, 145, 138, 133, 127, 119]}
290 {0: [27, 27, 27, 27, 26, 31, 28, 28, 28, 28, 28, 28, 31, 28, 27, 27, 27, 27, 27, 33], 1: [232, 228, 217, 201, 184, 184, 178, 163, 139, 122, 107, 92, 90, 84, 73, 58, 50, 40, 34, 36]}
291 {0: [27, 27, 27, 27, 27, 31, 29, 29, 29, 29, 29, 29, 28, 27, 27, 27, 27, 27, 27, 29], 1: [223, 195, 168, 145, 116, 105, 87, 68, 53, 40, 31, 21, 36, 33, 22, 15, 14, 11, 8, 25]}
292 {0: [27, 27, 27, 27, 27, 26, 27, 26, 26, 26, 26, 26, 27, 27, 26, 26, 26, 26, 26, 30], 1: [231, 219, 201, 174, 162, 159, 145, 121, 103, 86, 72, 58, 64, 50, 45, 40, 33, 27, 26, 33]}
293 {0: [27, 27, 27, 27, 27, 29, 29, 28, 28, 28, 29, 28, 33, 29, 28, 28, 28, 28, 29, 31], 1: [233, 230, 222, 214, 205, 211, 212, 198, 184, 179, 170, 165, 154, 159, 151, 145, 138, 135, 129, 122]}
294 {0: [27, 27, 27, 27, 27, 28, 27, 27, 26, 26, 26, 26, 30, 30, 29, 26, 26, 26, 26, 28], 1: [235, 233, 231, 227, 225, 235, 238, 236, 234, 225, 223, 218, 213, 221, 223, 220, 216, 214, 208, 203]}
295 {0: [27, 27, 27, 27, 27, 31, 25, 26, 26, 26, 26, 26, 26, 25, 24, 24, 24, 24, 24, 24], 1: [235, 231, 226, 222, 214, 223, 228, 225, 220, 216, 210, 201, 194, 206, 206, 203, 197, 190, 184, 181]}
296 {0: [27, 27, 27, 26, 26, 28, 25, 26, 26, 26, 26, 26, 27, 25, 25, 24, 24, 24, 24, 24], 1: [235, 235, 235, 236, 236, 250, 257, 257, 257, 257, 257, 257, 257, 273, 276, 277, 277, 277, 277, 277]}
297 {0: [27, 27, 27, 26, 26, 28, 25, 26, 26, 26, 26, 26, 27, 25, 26, 23, 23, 23, 23, 23], 1: [235, 235, 235, 236, 236, 250, 257, 257, 257, 257, 257, 257, 257, 273, 275, 278, 278, 278, 278, 278]}
298 {0: [27, 27, 27, 27, 27, 32, 24, 24, 24, 24, 24, 24, 28, 25, 26, 25, 25, 25, 25, 26], 1: [235, 231, 225, 224, 222, 226, 234, 227, 221, 216, 210, 207, 202, 216, 211, 209, 201, 197, 192, 189]}
299 {0: [27, 27, 27, 26, 26, 28, 25, 26, 26, 26, 26, 26, 27, 25, 25, 24, 24, 24, 24, 24], 1: [235, 235, 235, 236, 236, 250, 257, 257, 257, 257, 257, 257, 257, 273, 276, 277, 277, 277, 277, 277]}
300 {0: [27, 27, 27, 27, 27, 32, 25, 26, 26, 26, 26, 26, 27, 26, 26, 25, 26, 26, 27, 27], 1: [235, 231, 225, 224, 222, 226, 233, 227, 225, 223, 219, 218, 211, 219, 218, 216, 209, 204, 198, 192]}
301 {0: [27, 27, 27, 26, 26, 28, 25, 26, 26, 26, 26, 26, 27, 26, 25, 24, 24, 24, 24, 24], 1: [235, 235, 235, 236, 236, 250, 257, 257, 257, 257, 257, 257, 257, 272, 276, 277, 277, 277, 277, 277]}
302 {0: [26, 26, 26, 26, 26, 30, 27, 27, 27, 27, 27, 27, 25, 25, 25, 25, 25, 25, 25, 28], 1: [212, 172, 135, 95, 69, 69, 50, 33, 25, 19, 10, 7, 28, 24, 15, 14, 10, 9, 7, 22]}
303 {0: [26, 26, 26, 26, 26, 28, 28, 28, 28, 28, 28, 28, 29, 27, 27, 27, 28, 28, 28, 29], 1: [218, 175, 137, 101, 72, 77, 52, 41, 28, 18, 13, 11, 28, 24, 17, 14, 10, 9, 8, 27]}
304 {0: [27, 27, 27, 27, 27, 28, 27, 27, 27, 27, 27, 27, 27, 27, 27, 27, 27, 27, 27, 26], 1: [231, 224, 212, 193, 176, 180, 172, 151, 134, 131, 120, 112, 120, 116, 107, 94, 85, 75, 66, 71]}
305 {0: [27, 27, 27, 27, 27, 30, 29, 29, 29, 29, 29, 29, 28, 29, 27, 27, 27, 27, 27, 32], 1: [231, 216, 206, 195, 180, 186, 170, 153, 137, 125, 105, 90, 95, 90, 73, 68, 54, 48, 40, 44]}
306 {0: [27, 27, 27, 27, 27, 26, 26, 26, 25, 25, 25, 25, 28, 26, 26, 26, 26, 26, 26, 30], 1: [230, 218, 210, 196, 183, 190, 184, 171, 160, 145, 129, 113, 113, 108, 94, 83, 70, 60, 53, 55]}
307 {0: [27, 27, 27, 27, 27, 34, 27, 26, 26, 25, 25, 25, 27, 27, 27, 27, 27, 27, 27, 29], 1: [235, 228, 210, 197, 187, 196, 190, 179, 166, 148, 139, 126, 122, 117, 110, 95, 79, 74, 62, 60]}
308 {0: [27, 27, 27, 27, 27, 27, 28, 27, 26, 26, 26, 26, 24, 24, 25, 25, 25, 25, 25, 28], 1: [235, 228, 213, 202, 193, 196, 186, 180, 164, 150, 141, 131, 139, 129, 114, 99, 91, 83, 74, 68]}
309 {0: [27, 27, 27, 27, 27, 29, 26, 25, 25, 25, 25, 25, 28, 28, 28, 28, 28, 28, 28, 30], 1: [235, 227, 214, 201, 194, 201, 189, 173, 160, 147, 135, 119, 120, 109, 95, 84, 74, 65, 51, 56]}
310 {0: [27, 27, 27, 27, 27, 29, 29, 28, 28, 27, 27, 27, 29, 28, 27, 27, 27, 27, 26, 32], 1: [231, 216, 205, 192, 179, 174, 156, 143, 133, 121, 110, 97, 96, 88, 77, 64, 55, 45, 43, 44]}
311 {0: [27, 27, 27, 27, 27, 27, 28, 28, 28, 28, 28, 28, 30, 30, 28, 28, 28, 28, 28, 32], 1: [235, 227, 206, 190, 175, 171, 154, 138, 125, 108, 97, 89, 97, 92, 86, 65, 57, 46, 34, 41]}
312 {0: [27, 27, 27, 27, 27, 31, 24, 23, 23, 23, 23, 23, 25, 25, 22, 22, 22, 22, 22, 25], 1: [235, 232, 230, 228, 226, 239, 247, 246, 244, 241, 239, 238, 241, 251, 252, 249, 242, 239, 235, 234]}
313 {0: [27, 27, 27, 27, 27, 31, 24, 24, 24, 24, 24, 24, 23, 27, 27, 28, 28, 28, 28, 28], 1: [235, 235, 231, 230, 228, 243, 249, 246, 246, 246, 245, 242, 243, 256, 255, 254, 254, 253, 253, 253]}
314 {0: [27, 27, 27, 27, 27, 31, 28, 27, 27, 27, 27, 27, 28, 27, 28, 28, 28, 28, 28, 28], 1: [235, 233, 232, 232, 232, 245, 254, 255, 255, 255, 255, 253, 253, 272, 273, 272, 272, 272, 272, 272]}
315 {0: [27, 27, 27, 27, 27, 36, 27, 27, 27, 27, 27, 27, 34, 29, 29, 29, 29, 29, 29, 29], 1: [235, 230, 223, 213, 201, 201, 203, 192, 184, 174, 162, 146, 133, 135, 124, 119, 104, 92, 81, 78]}
316 {0: [27, 27, 27, 27, 27, 29, 26, 27, 27, 27, 27, 27, 30, 28, 27, 27, 27, 27, 27, 27], 1: [235, 233, 231, 228, 224, 236, 241, 240, 236, 231, 229, 227, 219, 234, 235, 233, 229, 226, 221, 218]}
317 {0: [27, 27, 27, 27, 26, 31, 27, 25, 25, 24, 24, 24, 27, 26, 26, 26, 26, 26, 26, 27], 1: [235, 230, 224, 219, 215, 223, 220, 220, 216, 214, 203, 197, 187, 197, 195, 184, 172, 164, 155, 150]}
318 {0: [27, 27, 27, 27, 27, 31, 28, 27, 27, 27, 27, 27, 28, 27, 28, 28, 28, 28, 28, 28], 1: [235, 233, 232, 232, 232, 245, 254, 255, 255, 255, 255, 253, 253, 272, 273, 273, 273, 273, 272, 272]}
319 {0: [27, 27, 27, 27, 27, 32, 24, 24, 24, 24, 24, 24, 24, 25, 27, 27, 27, 27, 27, 27], 1: [235, 233, 231, 231, 228, 239, 251, 246, 245, 243, 243, 237, 237, 247, 248, 246, 244, 241, 238, 236]}
320 {0: [27, 27, 27, 26, 26, 26, 26, 26, 26, 26, 26, 26, 26, 26, 26, 26, 26, 26, 26, 28], 1: [218, 183, 145, 101, 66, 68, 43, 33, 24, 16, 12, 8, 27, 23, 17, 14, 11, 11, 10, 28]}
321 {0: [27, 27, 27, 27, 27, 30, 29, 29, 29, 29, 29, 29, 30, 30, 29, 29, 29, 29, 29, 29], 1: [212, 166, 116, 88, 59, 54, 46, 34, 23, 20, 15, 12, 29, 24, 19, 16, 12, 10, 8, 25]}
322 {0: [27, 27, 27, 27, 27, 26, 25, 25, 25, 25, 25, 25, 27, 25, 25, 25, 25, 25, 25, 27], 1: [224, 197, 172, 129, 105, 99, 69, 54, 39, 29, 24, 15, 30, 30, 25, 20, 17, 14, 12, 27]}
323 {0: [27, 27, 27, 27, 27, 29, 28, 28, 28, 28, 28, 28, 29, 28, 28, 28, 28, 28, 28, 29], 1: [212, 164, 120, 85, 56, 64, 46, 33, 20, 17, 12, 10, 30, 24, 18, 15, 13, 9, 7, 29]}
324 {0: [27, 27, 27, 27, 27, 29, 28, 28, 28, 28, 28, 28, 33, 27, 26, 25, 25, 25, 25, 27], 1: [224, 192, 163, 130, 95, 94, 70, 47, 38, 29, 22, 16, 30, 32, 27, 20, 16, 13, 10, 27]}
325 {0: [27, 27, 27, 27, 27, 28, 28, 28, 28, 28, 28, 28, 30, 28, 27, 27, 27, 27, 27, 25], 1: [211, 165, 132, 96, 70, 63, 44, 26, 20, 13, 10, 9, 27, 25, 20, 15, 11, 11, 8, 27]}
326 {0: [27, 27, 27, 27, 27, 29, 28, 28, 28, 28, 28, 28, 28, 28, 28, 28, 28, 28, 28, 29], 1: [228, 198, 156, 106, 82, 78, 52, 36, 29, 26, 21, 15, 33, 24, 19, 12, 11, 10, 9, 31]}
327 {0: [27, 27, 27, 27, 27, 30, 29, 29, 29, 29, 29, 29, 30, 29, 29, 29, 29, 29, 29, 29], 1: [225, 186, 148, 116, 91, 83, 61, 46, 38, 31, 19, 13, 31, 28, 20, 16, 11, 11, 8, 32]}
328 {0: [27, 27, 27, 27, 27, 33, 25, 25, 25, 25, 25, 25, 28, 27, 26, 26, 26, 26, 26, 26], 1: [235, 235, 232, 232, 231, 245, 254, 255, 255, 254, 254, 254, 255, 265, 269, 269, 268, 268, 267, 265]}
329 {0: [27, 27, 27, 27, 27, 30, 29, 28, 28, 28, 28, 28, 28, 26, 28, 27, 27, 27, 26, 26], 1: [235, 234, 233, 233, 232, 248, 254, 255, 255, 255, 255, 255, 254, 274, 274, 273, 273, 273, 274, 274]}
330 {0: [27, 27, 27, 26, 26, 28, 25, 26, 26, 26, 26, 26, 27, 26, 25, 25, 25, 25, 25, 25], 1: [235, 235, 235, 236, 236, 250, 257, 257, 257, 257, 257, 257, 257, 273, 277, 278, 278, 278, 278, 278]}
331 {0: [27, 27, 27, 27, 27, 32, 26, 27, 27, 27, 27, 27, 27, 29, 26, 27, 27, 27, 27, 27], 1: [235, 234, 233, 232, 231, 247, 252, 252, 252, 252, 252, 251, 249, 266, 270, 270, 270, 269, 269, 269]}
332 {0: [27, 27, 27, 26, 26, 28, 25, 26, 26, 26, 26, 26, 27, 26, 25, 24, 24, 24, 24, 24], 1: [235, 235, 235, 236, 236, 250, 257, 257, 257, 257, 257, 257, 257, 272, 276, 277, 277, 277, 277, 277]}
333 {0: [27, 27, 27, 27, 27, 30, 29, 28, 28, 28, 28, 28, 28, 29, 29, 28, 28, 28, 28, 28], 1: [235, 234, 233, 233, 232, 248, 253, 254, 253, 253, 253, 253, 253, 272, 274, 275, 275, 274, 274, 274]}
334 {0: [27, 27, 27, 26, 26, 28, 25, 26, 26, 26, 26, 26, 27, 26, 25, 24, 24, 24, 24, 24], 1: [235, 235, 235, 236, 236, 250, 257, 257, 257, 257, 257, 257, 257, 272, 276, 277, 277, 277, 277, 277]}
335 {0: [27, 27, 27, 26, 26, 28, 25, 26, 26, 26, 26, 26, 27, 24, 25, 26, 24, 24, 25, 25], 1: [235, 235, 235, 236, 236, 250, 257, 257, 257, 257, 257, 257, 257, 273, 275, 275, 277, 277, 277, 277]}
336 {0: [27, 27, 27, 27, 27, 32, 27, 27, 27, 26, 26, 26, 27, 24, 25, 23, 23, 23, 23, 23], 1: [235, 233, 231, 231, 231, 244, 251, 249, 249, 249, 247, 245, 241, 256, 258, 259, 259, 258, 258, 258]}
337 {0: [27, 27, 27, 27, 27, 29, 27, 26, 26, 26, 26, 26, 28, 27, 27, 27, 27, 27, 27, 31], 1: [226, 202, 177, 156, 127, 122, 106, 87, 70, 58, 45, 38, 49, 44, 39, 27, 23, 15, 13, 27]}
338 {0: [27, 27, 27, 27, 27, 33, 26, 27, 27, 27, 27, 27, 27, 25, 26, 26, 26, 26, 26, 26], 1: [235, 234, 233, 233, 233, 245, 256, 256, 256, 256, 255, 255, 255, 271, 272, 273, 273, 273, 273, 273]}
339 {0: [27, 27, 27, 27, 27, 32, 27, 27, 27, 26, 26, 26, 27, 25, 24, 23, 23, 23, 23, 23], 1: [235, 233, 231, 231, 231, 244, 251, 249, 249, 249, 247, 245, 242, 258, 261, 261, 260, 259, 259, 258]}
340 {0: [27, 27, 27, 27, 27, 33, 26, 27, 27, 27, 27, 27, 27, 24, 24, 25, 25, 25, 25, 25], 1: [235, 234, 233, 233, 233, 245, 256, 256, 256, 256, 256, 256, 256, 274, 275, 276, 276, 276, 276, 276]}
341 {0: [27, 27, 27, 27, 27, 30, 27, 27, 27, 27, 27, 27, 30, 27, 27, 27, 27, 27, 27, 29], 1: [229, 214, 192, 165, 142, 139, 120, 100, 78, 66, 56, 44, 55, 45, 35, 27, 22, 19, 17, 35]}
342 {0: [27, 27, 27, 27, 27, 33, 26, 26, 26, 26, 26, 26, 30, 29, 28, 28, 28, 28, 28, 28], 1: [235, 230, 223, 213, 201, 204, 202, 189, 174, 163, 141, 133, 127, 127, 111, 107, 95, 88, 77, 76]}
343 {0: [27, 27, 27, 27, 27, 34, 29, 29, 28, 28, 28, 28, 28, 28, 24, 24, 24, 24, 24, 23], 1: [235, 232, 229, 228, 224, 237, 240, 236, 232, 228, 224, 219, 217, 232, 230, 228, 225, 218, 215, 217]}
344 {0: [27, 27, 27, 27, 27, 31, 26, 24, 24, 24, 24, 24, 34, 29, 27, 27, 27, 27, 27, 33], 1: [235, 232, 226, 214, 203, 210, 206, 195, 181, 166, 154, 139, 131, 130, 116, 105, 98, 86, 76, 76]}
345 {0: [27, 27, 27, 27, 27, 32, 29, 28, 28, 28, 28, 28, 32, 27, 27, 27, 27, 27, 27, 28], 1: [235, 228, 225, 219, 213, 224, 223, 218, 212, 202, 194, 187, 185, 193, 186, 178, 171, 163, 154, 149]}
346 {0: [27, 27, 27, 27, 27, 30, 29, 29, 29, 29, 29, 29, 29, 29, 29, 29, 29, 29, 29, 28], 1: [219, 187, 146, 114, 89, 80, 54, 41, 32, 24, 22, 18, 37, 34, 24, 22, 15, 12, 11, 30]}
347 {0: [27, 27, 27, 27, 27, 24, 25, 25, 24, 24, 24, 24, 27, 25, 26, 26, 26, 26, 26, 28], 1: [231, 217, 199, 171, 155, 153, 141, 131, 116, 103, 91, 72, 73, 68, 58, 47, 41, 34, 27, 39]}
348 {0: [27, 27, 27, 27, 27, 27, 27, 27, 27, 27, 27, 27, 29, 28, 28, 28, 28, 28, 28, 32], 1: [223, 198, 165, 134, 113, 116, 92, 75, 55, 51, 37, 32, 47, 37, 30, 23, 19, 17, 12, 28]}
349 {0: [27, 27, 27, 27, 27, 29, 27, 26, 26, 26, 26, 26, 32, 26, 26, 26, 26, 26, 26, 30], 1: [232, 222, 213, 203, 185, 187, 179, 165, 142, 129, 117, 103, 106, 108, 89, 75, 63, 55, 48, 51]}
350 {0: [27, 27, 27, 27, 27, 30, 25, 25, 25, 25, 25, 25, 26, 27, 27, 27, 27, 27, 27, 27], 1: [224, 206, 186, 151, 123, 126, 115, 97, 85, 69, 53, 45, 59, 52, 43, 37, 31, 22, 18, 37]}
351 {0: [27, 27, 27, 27, 27, 31, 28, 28, 28, 28, 28, 28, 32, 28, 28, 28, 29, 29, 29, 26], 1: [226, 206, 189, 171, 156, 159, 138, 120, 108, 94, 79, 63, 72, 70, 60, 55, 46, 42, 35, 46]}
352 {0: [27, 27, 27, 27, 27, 27, 27, 26, 26, 26, 26, 26, 31, 30, 29, 29, 29, 29, 29, 30], 1: [233, 227, 215, 211, 206, 205, 195, 174, 155, 140, 124, 106, 106, 100, 90, 78, 64, 50, 44, 53]}
353 {0: [27, 27, 27, 27, 27, 29, 25, 23, 23, 23, 23, 23, 30, 24, 23, 23, 23, 23, 23, 30], 1: [235, 227, 223, 215, 207, 215, 214, 211, 206, 201, 188, 176, 171, 163, 157, 148, 139, 131, 116, 117]}
354 {0: [27, 27, 27, 27, 27, 29, 27, 27, 27, 27, 27, 27, 30, 25, 26, 26, 26, 26, 26, 30], 1: [224, 205, 180, 161, 139, 132, 108, 97, 76, 64, 52, 40, 51, 49, 45, 36, 31, 26, 21, 30]}
355 {0: [27, 27, 27, 27, 27, 27, 26, 26, 26, 25, 25, 25, 29, 28, 28, 28, 28, 28, 28, 28], 1: [231, 216, 198, 176, 165, 164, 151, 137, 122, 113, 100, 70, 70, 60, 48, 44, 33, 23, 22, 34]}
356 {0: [27, 27, 27, 27, 27, 28, 28, 28, 28, 28, 28, 28, 31, 30, 29, 29, 29, 29, 29, 30], 1: [223, 204, 176, 155, 132, 129, 112, 96, 80, 68, 64, 50, 60, 54, 38, 31, 26, 19, 15, 32]}
357 {0: [27, 27, 27, 27, 27, 28, 26, 26, 26, 26, 26, 26, 32, 27, 26, 27, 27, 27, 27, 30], 1: [235, 229, 215, 204, 194, 192, 188, 179, 172, 160, 145, 136, 131, 130, 118, 112, 104, 99, 95, 89]}
358 {0: [27, 27, 27, 27, 27, 30, 26, 26, 26, 26, 27, 27, 28, 30, 30, 30, 30, 31, 30, 28], 1: [232, 220, 201, 180, 164, 169, 162, 142, 126, 111, 100, 92, 99, 88, 77, 67, 63, 56, 46, 54]}
359 {0: [27, 27, 27, 27, 27, 29, 26, 26, 26, 26, 26, 26, 27, 27, 26, 26, 26, 26, 26, 30], 1: [231, 216, 206, 191, 171, 168, 154, 139, 122, 111, 103, 94, 101, 99, 91, 78, 67, 59, 54, 55]}
360 {0: [27, 27, 27, 27, 27, 28, 27, 26, 26, 26, 26, 26, 28, 26, 26, 27, 27, 27, 26, 26], 1: [235, 232, 226, 218, 213, 226, 226, 223, 223, 217, 214, 211, 206, 215, 215, 212, 211, 209, 205, 200]}
361 {0: [27, 27, 27, 27, 27, 30, 27, 27, 28, 28, 28, 28, 29, 28, 27, 28, 28, 28, 28, 28], 1: [230, 220, 205, 191, 175, 177, 172, 162, 144, 130, 110, 97, 98, 89, 82, 59, 50, 40, 35, 41]}
362 {0: [27, 27, 27, 27, 27, 32, 25, 26, 26, 26, 26, 26, 27, 26, 26, 27, 27, 27, 27, 27], 1: [235, 231, 226, 223, 220, 231, 231, 225, 220, 217, 213, 208, 204, 214, 206, 201, 196, 193, 187, 181]}
363 {0: [27, 27, 27, 27, 27, 31, 24, 25, 25, 24, 24, 24, 29, 26, 24, 26, 26, 25, 25, 25], 1: [235, 233, 231, 231, 229, 239, 248, 247, 246, 244, 243, 240, 238, 252, 252, 249, 247, 247, 247, 245]}
364 {0: [27, 27, 27, 27, 27, 30, 26, 26, 26, 26, 26, 26, 31, 25, 27, 26, 26, 26, 26, 27], 1: [235, 233, 231, 228, 226, 237, 243, 238, 235, 231, 222, 213, 212, 226, 225, 220, 218, 214, 211, 208]}
365 {0: [27, 27, 27, 27, 27, 32, 27, 26, 26, 26, 26, 26, 34, 29, 27, 27, 27, 27, 27, 30], 1: [235, 228, 225, 221, 215, 223, 221, 213, 208, 202, 196, 188, 174, 174, 170, 159, 150, 140, 134, 126]}
366 {0: [27, 27, 27, 27, 27, 30, 28, 28, 28, 28, 28, 28, 28, 28, 27, 26, 26, 26, 26, 29], 1: [231, 216, 192, 173, 151, 146, 131, 117, 95, 87, 69, 59, 66, 61, 51, 43, 32, 28, 22, 28]}
367 {0: [27, 27, 27, 27, 27, 28, 25, 25, 25, 25, 25, 25, 26, 27, 27, 27, 27, 27, 27, 33], 1: [235, 231, 223, 211, 196, 207, 187, 175, 155, 141, 123, 114, 113, 110, 94, 78, 68, 65, 59, 54]}
368 {0: [27, 27, 27, 27, 27, 28, 26, 26, 26, 26, 26, 26, 31, 28, 28, 28, 28, 28, 28, 27], 1: [231, 215, 195, 179, 155, 149, 130, 116, 100, 90, 78, 65, 62, 60, 54, 47, 40, 32, 24, 41]}
369 {0: [27, 27, 27, 27, 27, 34, 25, 26, 26, 26, 26, 26, 27, 24, 25, 23, 24, 24, 24, 24], 1: [235, 231, 226, 218, 218, 227, 231, 227, 223, 219, 212, 209, 204, 212, 208, 207, 200, 194, 190, 186]}
370 {0: [27, 27, 27, 27, 27, 29, 27, 27, 26, 26, 26, 26, 32, 28, 24, 24, 24, 24, 23, 23], 1: [235, 232, 229, 227, 227, 240, 246, 241, 237, 234, 230, 227, 228, 241, 246, 243, 243, 240, 240, 239]}
371 {0: [27, 27, 27, 27, 27, 31, 28, 28, 28, 28, 28, 28, 29, 29, 28, 28, 28, 28, 28, 31], 1: [231, 216, 200, 184, 159, 161, 145, 124, 103, 91, 80, 64, 72, 69, 53, 49, 39, 33, 29, 41]}
372 {0: [27, 27, 27, 27, 27, 32, 27, 27, 27, 27, 27, 27, 31, 28, 28, 28, 28, 28, 28, 28], 1: [235, 235, 231, 230, 229, 246, 251, 247, 244, 243, 241, 240, 244, 260, 260, 260, 260, 260, 259, 258]}
373 {0: [27, 27, 27, 27, 27, 31, 24, 24, 23, 23, 23, 23, 25, 26, 27, 26, 25, 25, 25, 25], 1: [235, 231, 225, 224, 222, 230, 235, 230, 225, 221, 216, 210, 202, 209, 209, 205, 203, 192, 189, 184]}
374 {0: [27, 27, 27, 27, 27, 29, 26, 27, 27, 27, 27, 27, 28, 26, 27, 26, 25, 25, 25, 25], 1: [235, 234, 233, 232, 231, 249, 253, 253, 253, 253, 251, 249, 250, 266, 268, 269, 269, 266, 266, 265]}
375 {0: [27, 27, 27, 27, 27, 30, 29, 28, 28, 28, 28, 28, 28, 26, 28, 26, 26, 26, 26, 26], 1: [235, 234, 233, 233, 232, 248, 254, 255, 255, 255, 255, 255, 254, 274, 272, 274, 274, 274, 274, 271]}
376 {0: [27, 27, 27, 26, 26, 28, 25, 26, 26, 26, 26, 26, 27, 26, 25, 24, 24, 24, 24, 24], 1: [235, 235, 235, 236, 236, 250, 257, 257, 257, 257, 257, 257, 257, 272, 276, 277, 277, 277, 277, 277]}
377 {0: [27, 27, 27, 27, 27, 30, 26, 27, 27, 27, 27, 27, 27, 26, 28, 27, 27, 27, 27, 27], 1: [235, 235, 234, 233, 233, 250, 255, 255, 255, 255, 255, 255, 255, 273, 274, 275, 275, 275, 275, 275]}
378 {0: [27, 27, 27, 27, 27, 31, 28, 28, 28, 28, 28, 28, 29, 28, 29, 29, 29, 29, 29, 28], 1: [230, 220, 201, 177, 158, 151, 127, 107, 86, 77, 59, 55, 60, 53, 40, 30, 22, 17, 13, 28]}
379 {0: [27, 27, 27, 27, 27, 37, 30, 28, 28, 28, 28, 28, 29, 29, 27, 27, 27, 27, 27, 27], 1: [235, 231, 230, 226, 223, 230, 235, 232, 229, 225, 223, 216, 211, 226, 224, 221, 218, 213, 207, 204]}
380 {0: [27, 27, 26, 26, 26, 29, 28, 28, 28, 28, 28, 28, 28, 26, 25, 25, 25, 25, 25, 29], 1: [227, 205, 181, 150, 120, 109, 92, 72, 56, 44, 36, 27, 43, 38, 34, 26, 22, 17, 16, 22]}
381 {0: [27, 27, 27, 27, 27, 31, 27, 27, 27, 27, 27, 27, 33, 29, 23, 22, 22, 22, 22, 22], 1: [235, 231, 226, 222, 216, 225, 231, 224, 219, 214, 207, 201, 197, 204, 209, 206, 205, 202, 194, 190]}
382 {0: [27, 27, 27, 27, 27, 28, 27, 28, 28, 28, 28, 28, 31, 27, 27, 28, 28, 28, 28, 28], 1: [227, 208, 186, 153, 132, 135, 111, 92, 76, 56, 41, 34, 42, 35, 28, 18, 16, 10, 8, 29]}
383 {0: [27, 27, 27, 27, 27, 27, 28, 28, 28, 28, 28, 28, 28, 28, 28, 28, 28, 28, 28, 27], 1: [223, 193, 165, 134, 107, 102, 85, 73, 53, 40, 35, 29, 40, 32, 24, 22, 17, 13, 12, 29]}
384 {0: [27, 26, 26, 26, 26, 28, 28, 28, 28, 28, 28, 28, 28, 27, 28, 28, 28, 28, 28, 28], 1: [216, 176, 145, 107, 84, 76, 62, 39, 26, 21, 21, 14, 30, 26, 19, 17, 14, 9, 9, 29]}
385 {0: [27, 27, 27, 27, 27, 30, 29, 28, 28, 28, 28, 28, 27, 27, 27, 27, 27, 27, 27, 28], 1: [224, 205, 181, 152, 124, 117, 94, 79, 64, 52, 41, 33, 49, 43, 33, 23, 20, 17, 13, 28]}
386 {0: [27, 27, 27, 27, 27, 33, 26, 26, 26, 26, 26, 26, 29, 26, 23, 23, 23, 23, 23, 23], 1: [235, 232, 229, 227, 225, 238, 245, 240, 236, 230, 227, 224, 225, 243, 245, 241, 240, 239, 238, 235]}
387 {0: [27, 27, 27, 27, 27, 28, 28, 28, 28, 28, 28, 28, 30, 29, 29, 29, 29, 28, 28, 29], 1: [218, 183, 151, 114, 83, 82, 62, 48, 40, 32, 24, 19, 37, 30, 23, 20, 18, 13, 12, 28]}
388 {0: [27, 27, 27, 27, 27, 32, 24, 25, 24, 24, 24, 24, 27, 27, 26, 27, 27, 27, 27, 29], 1: [235, 231, 229, 222, 219, 229, 237, 232, 228, 225, 221, 218, 218, 216, 217, 214, 207, 201, 191, 187]}
389 {0: [27, 27, 27, 26, 26, 28, 28, 27, 27, 27, 27, 27, 28, 29, 29, 29, 29, 29, 29, 28], 1: [224, 205, 180, 153, 126, 118, 109, 88, 70, 57, 48, 41, 42, 41, 32, 30, 27, 24, 19, 35]}
390 {0: [27, 27, 27, 27, 27, 30, 27, 27, 27, 27, 27, 27, 30, 28, 23, 24, 24, 24, 24, 24], 1: [235, 232, 229, 227, 227, 237, 245, 243, 242, 239, 238, 238, 237, 247, 257, 254, 252, 249, 244, 241]}
391 {0: [27, 27, 27, 27, 27, 30, 25, 25, 25, 24, 24, 24, 29, 25, 28, 27, 27, 27, 27, 29], 1: [235, 233, 231, 231, 225, 237, 243, 240, 238, 238, 236, 233, 234, 247, 243, 237, 233, 231, 230, 226]}
392 {0: [27, 27, 27, 26, 26, 28, 25, 26, 26, 26, 26, 26, 27, 26, 25, 24, 24, 24, 24, 24], 1: [235, 235, 235, 236, 236, 250, 257, 257, 257, 257, 257, 257, 257, 272, 276, 277, 277, 277, 277, 277]}
393 {0: [27, 27, 27, 26, 26, 28, 25, 26, 26, 26, 26, 26, 27, 25, 26, 23, 23, 23, 23, 23], 1: [235, 235, 235, 236, 236, 250, 257, 257, 257, 257, 257, 257, 257, 273, 275, 278, 278, 278, 278, 278]}
394 {0: [27, 27, 27, 27, 27, 28, 27, 25, 25, 25, 25, 25, 31, 26, 26, 26, 26, 26, 26, 26], 1: [226, 204, 178, 154, 128, 135, 126, 112, 94, 78, 64, 52, 58, 64, 54, 44, 39, 35, 29, 40]}
395 {0: [27, 27, 27, 26, 26, 28, 25, 26, 26, 26, 26, 26, 27, 24, 25, 26, 24, 24, 25, 25], 1: [235, 235, 235, 236, 236, 250, 257, 257, 257, 257, 257, 257, 257, 273, 275, 275, 277, 277, 277, 277]}
396 {0: [27, 27, 27, 27, 27, 28, 28, 29, 28, 28, 28, 28, 29, 27, 27, 27, 27, 27, 27, 29], 1: [218, 197, 172, 144, 124, 121, 101, 90, 76, 63, 57, 44, 50, 48, 40, 33, 28, 24, 19, 33]}
397 {0: [27, 27, 27, 26, 26, 28, 25, 26, 26, 26, 26, 26, 27, 25, 25, 24, 24, 24, 24, 24], 1: [235, 235, 235, 236, 236, 250, 257, 257, 257, 257, 257, 257, 257, 273, 276, 277, 277, 277, 277, 277]}
398 {0: [27, 27, 27, 27, 27, 28, 28, 28, 28, 28, 28, 28, 31, 30, 30, 30, 30, 29, 29, 27], 1: [220, 182, 151, 114, 87, 86, 66, 48, 40, 31, 23, 16, 33, 30, 23, 19, 17, 14, 10, 29]}
399 {0: [27, 27, 27, 27, 27, 32, 30, 30, 30, 30, 30, 30, 31, 28, 27, 27, 27, 27, 27, 29], 1: [221, 187, 157, 122, 90, 85, 63, 53, 39, 23, 17, 11, 32, 28, 25, 19, 18, 15, 12, 31]}
400 {0: [27, 27, 27, 27, 27, 28, 26, 26, 26, 26, 26, 27, 28, 28, 26, 26, 26, 26, 27, 29], 1: [235, 230, 227, 219, 212, 228, 227, 226, 219, 215, 210, 206, 199, 202, 198, 195, 185, 180, 175, 169]}
401 {0: [27, 27, 27, 27, 27, 30, 26, 26, 26, 26, 26, 26, 29, 29, 26, 26, 26, 26, 26, 26], 1: [235, 230, 227, 219, 212, 227, 229, 226, 221, 210, 201, 194, 192, 191, 185, 182, 175, 165, 157, 148]}
402 {0: [27, 27, 27, 27, 27, 34, 25, 26, 26, 26, 26, 26, 32, 27, 26, 27, 27, 27, 27, 28], 1: [235, 230, 223, 212, 209, 219, 221, 211, 205, 195, 185, 176, 168, 171, 166, 159, 148, 137, 129, 120]}
403 {0: [27, 27, 27, 26, 26, 33, 25, 25, 25, 25, 25, 25, 32, 25, 27, 27, 26, 26, 26, 30], 1: [233, 230, 221, 213, 204, 210, 210, 203, 198, 189, 183, 169, 159, 162, 154, 153, 152, 150, 147, 145]}
404 {0: [27, 27, 27, 27, 27, 30, 26, 26, 26, 26, 26, 26, 30, 26, 27, 26, 26, 26, 26, 30], 1: [233, 227, 216, 205, 199, 208, 204, 192, 178, 175, 172, 168, 162, 171, 165, 158, 150, 143, 138, 134]}
405 {0: [27, 27, 27, 26, 26, 31, 26, 27, 27, 27, 27, 27, 32, 27, 28, 28, 28, 28, 28, 29], 1: [233, 230, 219, 213, 209, 213, 212, 201, 197, 187, 181, 175, 169, 180, 171, 167, 159, 158, 152, 140]}
406 {0: [27, 27, 27, 27, 27, 34, 25, 26, 26, 26, 26, 26, 31, 25, 24, 25, 25, 25, 25, 26], 1: [235, 230, 223, 212, 209, 219, 221, 211, 205, 195, 185, 176, 168, 170, 167, 160, 155, 146, 137, 127]}
407 {0: [27, 27, 27, 27, 27, 30, 26, 26, 26, 26, 26, 26, 30, 26, 27, 26, 26, 26, 26, 28], 1: [233, 227, 216, 205, 199, 208, 204, 192, 178, 175, 172, 168, 162, 171, 165, 158, 153, 144, 136, 126]}
408 {0: [27, 27, 27, 27, 26, 26, 25, 25, 25, 25, 25, 25, 31, 26, 24, 24, 24, 24, 24, 25], 1: [235, 230, 223, 216, 211, 215, 214, 214, 203, 195, 189, 180, 170, 168, 158, 151, 140, 125, 114, 102]}
409 {0: [27, 27, 27, 27, 27, 32, 24, 24, 24, 24, 24, 24, 30, 25, 25, 25, 25, 25, 25, 33], 1: [232, 228, 216, 199, 180, 180, 171, 159, 143, 122, 106, 91, 89, 87, 68, 59, 47, 39, 30, 31]}
410 {0: [27, 27, 27, 26, 26, 28, 25, 26, 26, 26, 26, 26, 27, 24, 25, 26, 24, 24, 25, 25], 1: [235, 235, 235, 236, 236, 250, 257, 257, 257, 257, 257, 257, 257, 273, 275, 275, 277, 277, 277, 277]}
411 {0: [27, 27, 27, 27, 27, 31, 26, 25, 25, 25, 25, 25, 27, 26, 27, 25, 25, 25, 25, 25], 1: [235, 233, 231, 231, 227, 239, 247, 249, 245, 244, 238, 232, 229, 241, 238, 235, 234, 228, 221, 212]}
412 {0: [27, 27, 27, 26, 26, 28, 25, 26, 26, 26, 26, 26, 27, 24, 25, 26, 24, 24, 25, 25], 1: [235, 235, 235, 236, 236, 250, 257, 257, 257, 257, 257, 257, 257, 273, 275, 275, 277, 277, 277, 277]}
413 {0: [27, 27, 27, 27, 27, 29, 26, 26, 26, 26, 26, 26, 31, 28, 28, 27, 27, 26, 26, 33], 1: [235, 231, 226, 220, 215, 226, 225, 221, 211, 202, 193, 185, 182, 189, 183, 176, 167, 160, 154, 147]}
414 {0: [27, 27, 27, 26, 26, 28, 25, 26, 26, 26, 26, 26, 27, 25, 26, 25, 25, 25, 25, 25], 1: [235, 235, 235, 236, 236, 250, 257, 257, 257, 257, 257, 257, 257, 273, 275, 276, 276, 276, 276, 276]}
415 {0: [27, 27, 27, 26, 26, 28, 25, 26, 26, 26, 26, 26, 27, 25, 25, 24, 24, 24, 24, 24], 1: [235, 235, 235, 236, 236, 250, 257, 257, 257, 257, 257, 257, 257, 273, 276, 277, 277, 277, 277, 277]}
416 {0: [27, 27, 27, 27, 27, 27, 26, 26, 26, 26, 27, 27, 28, 28, 28, 28, 28, 29, 29, 27], 1: [222, 202, 173, 147, 121, 124, 108, 92, 72, 65, 50, 42, 49, 38, 26, 19, 17, 14, 12, 26]}
417 {0: [27, 27, 27, 27, 27, 26, 27, 27, 27, 27, 27, 27, 26, 28, 27, 27, 27, 27, 27, 27], 1: [220, 199, 165, 129, 99, 103, 83, 69, 49, 39, 28, 20, 32, 28, 26, 20, 15, 15, 11, 27]}
418 {0: [27, 27, 27, 27, 27, 30, 27, 28, 28, 28, 28, 28, 29, 27, 25, 24, 24, 24, 24, 24], 1: [235, 230, 223, 213, 207, 214, 206, 201, 192, 184, 177, 173, 164, 176, 172, 166, 156, 150, 141, 125]}
419 {0: [27, 27, 27, 27, 27, 31, 27, 27, 27, 27, 27, 27, 26, 28, 28, 28, 28, 28, 28, 25], 1: [229, 211, 190, 168, 150, 138, 108, 80, 65, 55, 46, 34, 44, 35, 24, 22, 19, 12, 11, 29]}
420 {0: [27, 27, 27, 27, 27, 33, 25, 25, 25, 25, 25, 25, 27, 28, 28, 28, 28, 28, 28, 28], 1: [235, 235, 232, 232, 231, 245, 253, 254, 254, 254, 254, 254, 254, 265, 268, 267, 267, 266, 265, 265]}
421 {0: [26, 26, 26, 26, 26, 27, 28, 28, 28, 28, 28, 28, 29, 28, 29, 29, 29, 29, 29, 31], 1: [226, 204, 172, 135, 111, 111, 83, 61, 37, 30, 21, 16, 33, 25, 21, 15, 13, 12, 11, 29]}
422 {0: [27, 27, 27, 27, 27, 29, 24, 24, 24, 24, 24, 24, 28, 27, 27, 27, 27, 27, 27, 31], 1: [235, 227, 221, 210, 203, 214, 200, 192, 178, 169, 158, 142, 133, 130, 121, 114, 103, 98, 90, 83]}
423 {0: [27, 27, 27, 27, 27, 33, 25, 25, 25, 25, 25, 25, 28, 28, 28, 28, 29, 28, 28, 29], 1: [235, 235, 232, 232, 231, 245, 253, 254, 254, 253, 251, 251, 251, 260, 264, 262, 262, 260, 258, 257]}
424 {0: [27, 27, 27, 27, 27, 30, 29, 28, 28, 28, 28, 28, 28, 29, 29, 28, 28, 28, 28, 28], 1: [235, 234, 233, 233, 232, 248, 253, 254, 253, 253, 253, 253, 253, 272, 274, 275, 275, 275, 275, 275]}
425 {0: [27, 27, 27, 27, 27, 32, 26, 27, 27, 27, 27, 27, 27, 29, 26, 27, 27, 27, 27, 27], 1: [235, 234, 233, 232, 231, 247, 252, 252, 252, 252, 252, 251, 249, 266, 270, 270, 270, 269, 269, 269]}
426 {0: [27, 27, 27, 27, 27, 32, 27, 27, 27, 27, 27, 27, 30, 25, 26, 24, 24, 24, 24, 24], 1: [235, 233, 231, 231, 231, 244, 251, 249, 248, 248, 247, 244, 243, 259, 258, 260, 257, 257, 256, 256]}
427 {0: [27, 27, 27, 27, 27, 32, 27, 27, 27, 26, 26, 26, 27, 26, 25, 22, 22, 22, 22, 22], 1: [235, 233, 231, 231, 231, 244, 251, 249, 249, 249, 247, 245, 245, 258, 263, 266, 265, 265, 265, 265]}
428 {0: [27, 27, 27, 27, 27, 33, 27, 28, 28, 28, 28, 28, 28, 27, 26, 26, 25, 25, 25, 25], 1: [235, 233, 231, 231, 231, 243, 250, 249, 248, 246, 245, 245, 241, 258, 258, 253, 253, 250, 249, 245]}
429 {0: [27, 27, 27, 27, 27, 32, 27, 27, 27, 26, 26, 26, 27, 24, 26, 23, 23, 23, 23, 23], 1: [235, 233, 231, 231, 231, 244, 251, 249, 249, 248, 248, 247, 245, 261, 261, 264, 263, 262, 260, 259]}
430 {0: [27, 27, 27, 27, 26, 30, 25, 26, 25, 25, 25, 25, 29, 23, 25, 25, 25, 25, 25, 25], 1: [235, 233, 231, 228, 227, 238, 244, 241, 238, 236, 232, 231, 227, 238, 239, 236, 234, 229, 226, 225]}
431 {0: [27, 27, 27, 27, 27, 30, 23, 25, 25, 25, 25, 25, 29, 26, 26, 26, 26, 26, 26, 27], 1: [235, 233, 230, 227, 225, 232, 241, 239, 236, 233, 233, 229, 227, 239, 239, 238, 236, 236, 233, 232]}
432 {0: [27, 27, 27, 27, 27, 27, 28, 27, 27, 27, 27, 27, 28, 27, 25, 25, 25, 25, 25, 28], 1: [232, 214, 192, 176, 153, 156, 141, 129, 119, 103, 91, 82, 84, 85, 74, 63, 58, 51, 48, 50]}
433 {0: [27, 27, 27, 27, 27, 29, 28, 28, 28, 28, 28, 28, 31, 26, 26, 26, 26, 26, 26, 28], 1: [222, 198, 163, 122, 95, 90, 76, 58, 50, 31, 23, 19, 35, 37, 28, 22, 20, 18, 11, 25]}
434 {0: [27, 27, 27, 27, 27, 27, 27, 27, 26, 26, 26, 26, 30, 25, 25, 25, 25, 25, 25, 31], 1: [232, 214, 198, 178, 156, 161, 154, 141, 122, 115, 102, 94, 90, 93, 81, 68, 62, 56, 52, 50]}
435 {0: [27, 27, 27, 27, 27, 30, 27, 27, 27, 27, 27, 27, 31, 25, 25, 25, 25, 26, 26, 31], 1: [232, 222, 203, 178, 164, 161, 136, 128, 114, 104, 98, 89, 90, 98, 89, 79, 73, 69, 62, 60]}
436 {0: [27, 27, 27, 26, 26, 31, 25, 23, 23, 23, 23, 23, 23, 23, 26, 26, 26, 26, 26, 31], 1: [232, 222, 202, 181, 168, 169, 165, 150, 139, 125, 108, 92, 96, 92, 82, 73, 61, 55, 49, 50]}
437 {0: [27, 27, 27, 27, 27, 26, 27, 27, 27, 27, 27, 27, 30, 28, 28, 28, 28, 27, 27, 31], 1: [223, 196, 163, 131, 102, 95, 74, 60, 51, 40, 25, 18, 29, 30, 25, 19, 14, 14, 13, 27]}
438 {0: [27, 27, 27, 27, 27, 28, 28, 28, 28, 28, 28, 28, 28, 29, 29, 29, 29, 29, 29, 29], 1: [226, 207, 180, 147, 118, 109, 76, 58, 45, 35, 26, 20, 40, 31, 27, 23, 20, 19, 14, 29]}
439 {0: [27, 27, 27, 27, 27, 31, 29, 29, 28, 28, 28, 28, 28, 28, 28, 28, 27, 27, 27, 25], 1: [229, 203, 172, 146, 121, 117, 97, 74, 65, 45, 36, 31, 46, 39, 33, 27, 20, 15, 13, 31]}
440 {0: [27, 27, 27, 27, 27, 31, 29, 28, 27, 27, 27, 27, 30, 28, 27, 27, 27, 27, 27, 27], 1: [235, 233, 231, 231, 226, 239, 243, 243, 242, 241, 235, 231, 233, 243, 242, 236, 234, 231, 227, 225]}
441 {0: [27, 27, 27, 27, 27, 32, 27, 27, 27, 26, 26, 26, 27, 25, 26, 26, 26, 26, 26, 26], 1: [235, 233, 231, 231, 231, 244, 251, 249, 249, 248, 248, 246, 246, 261, 258, 256, 256, 256, 256, 256]}
442 {0: [27, 27, 27, 27, 27, 28, 28, 28, 28, 28, 28, 28, 29, 27, 27, 27, 27, 27, 27, 30], 1: [232, 225, 210, 198, 179, 172, 154, 139, 117, 96, 77, 60, 63, 56, 43, 38, 26, 22, 20, 28]}
443 {0: [27, 27, 27, 27, 27, 33, 28, 28, 28, 28, 28, 28, 34, 27, 28, 28, 28, 28, 28, 28], 1: [235, 235, 231, 230, 229, 245, 248, 248, 246, 246, 246, 245, 246, 266, 266, 266, 265, 265, 265, 265]}
444 {0: [27, 27, 27, 27, 27, 30, 28, 28, 28, 28, 28, 28, 29, 25, 26, 25, 25, 25, 25, 27], 1: [235, 230, 222, 211, 197, 203, 195, 185, 172, 166, 153, 142, 149, 151, 142, 135, 127, 118, 107, 109]}
445 {0: [27, 27, 27, 27, 27, 33, 25, 25, 25, 25, 25, 25, 28, 27, 26, 26, 26, 26, 26, 26], 1: [235, 235, 232, 232, 231, 245, 254, 255, 255, 254, 254, 254, 255, 265, 269, 269, 268, 268, 267, 267]}
446 {0: [27, 27, 27, 27, 27, 32, 27, 26, 26, 26, 25, 25, 29, 28, 27, 27, 27, 27, 27, 29], 1: [235, 230, 223, 213, 206, 216, 216, 210, 207, 197, 188, 185, 174, 171, 164, 153, 139, 131, 122, 123]}
447 {0: [27, 27, 27, 27, 27, 31, 28, 25, 25, 25, 25, 25, 27, 26, 27, 27, 27, 27, 26, 28], 1: [235, 231, 227, 221, 217, 226, 227, 227, 224, 221, 218, 215, 217, 223, 217, 215, 211, 205, 197, 194]}
448 {0: [27, 27, 27, 27, 27, 30, 30, 29, 29, 29, 29, 29, 30, 28, 28, 28, 28, 28, 28, 30], 1: [227, 209, 185, 149, 116, 113, 83, 58, 44, 36, 29, 18, 34, 31, 20, 16, 11, 10, 10, 27]}
449 {0: [27, 27, 27, 27, 27, 27, 26, 27, 27, 27, 27, 27, 27, 27, 28, 27, 27, 27, 27, 27], 1: [235, 233, 229, 226, 223, 239, 239, 237, 236, 232, 229, 228, 228, 241, 243, 240, 239, 237, 231, 228]}
450 {0: [27, 27, 27, 27, 27, 30, 30, 30, 30, 30, 30, 30, 32, 28, 28, 28, 28, 28, 28, 30], 1: [212, 172, 130, 88, 56, 54, 38, 29, 17, 14, 10, 10, 34, 31, 26, 18, 13, 10, 9, 30]}
451 {0: [27, 27, 27, 27, 27, 29, 28, 28, 28, 28, 28, 28, 27, 29, 30, 30, 30, 30, 30, 27], 1: [228, 216, 194, 174, 148, 146, 139, 118, 98, 81, 67, 53, 56, 41, 32, 22, 13, 10, 9, 28]}
452 {0: [27, 27, 27, 27, 27, 30, 29, 29, 29, 29, 29, 29, 29, 28, 27, 27, 27, 27, 27, 30], 1: [213, 161, 105, 76, 56, 62, 42, 28, 19, 17, 15, 11, 31, 26, 18, 12, 9, 9, 7, 24]}
453 {0: [27, 27, 27, 27, 27, 32, 27, 27, 27, 27, 27, 27, 27, 25, 26, 26, 26, 26, 26, 26], 1: [235, 233, 231, 231, 231, 244, 251, 249, 248, 248, 246, 246, 245, 265, 263, 262, 259, 258, 256, 255]}
454 {0: [27, 27, 27, 27, 27, 32, 25, 26, 26, 26, 26, 26, 27, 25, 24, 24, 24, 24, 24, 24], 1: [235, 231, 226, 223, 220, 231, 232, 224, 215, 209, 206, 202, 201, 214, 208, 203, 198, 195, 192, 186]}
455 {0: [27, 27, 27, 27, 27, 30, 25, 24, 24, 24, 24, 24, 26, 27, 28, 27, 27, 27, 27, 27], 1: [235, 231, 225, 220, 217, 224, 227, 224, 218, 209, 204, 196, 187, 193, 195, 190, 186, 184, 182, 177]}
456 {0: [27, 27, 27, 27, 27, 31, 28, 28, 27, 27, 27, 27, 31, 28, 30, 25, 25, 25, 25, 25], 1: [235, 232, 229, 227, 227, 237, 243, 242, 242, 238, 235, 231, 227, 241, 240, 243, 240, 238, 236, 233]}
457 {0: [27, 27, 27, 27, 27, 30, 27, 27, 27, 27, 27, 27, 32, 28, 28, 26, 26, 26, 26, 28], 1: [235, 231, 227, 217, 215, 224, 223, 219, 212, 211, 208, 205, 199, 207, 202, 198, 191, 183, 177, 171]}
458 {0: [27, 27, 27, 27, 27, 30, 25, 26, 26, 26, 26, 26, 29, 27, 25, 25, 25, 25, 25, 27], 1: [235, 231, 229, 226, 223, 238, 239, 235, 227, 224, 221, 219, 218, 225, 224, 223, 220, 217, 214, 209]}
459 {0: [27, 27, 27, 27, 27, 31, 27, 27, 27, 27, 27, 27, 32, 28, 28, 28, 28, 28, 28, 31], 1: [235, 229, 221, 212, 204, 217, 213, 202, 192, 186, 181, 171, 168, 169, 163, 154, 144, 138, 135, 127]}
460 {0: [27, 27, 27, 27, 27, 34, 27, 27, 27, 27, 27, 27, 28, 28, 29, 29, 29, 29, 29, 31], 1: [235, 227, 219, 213, 203, 207, 204, 192, 181, 171, 163, 149, 138, 144, 138, 129, 116, 111, 103, 101]}
461 {0: [27, 27, 27, 27, 27, 29, 28, 28, 28, 28, 28, 28, 27, 28, 27, 27, 27, 27, 27, 26], 1: [231, 216, 198, 181, 161, 150, 129, 112, 95, 80, 65, 51, 61, 51, 42, 35, 26, 22, 19, 34]}
462 {0: [27, 27, 27, 27, 27, 30, 28, 28, 28, 28, 28, 28, 32, 29, 26, 26, 26, 26, 26, 30], 1: [235, 231, 224, 215, 204, 203, 198, 182, 173, 163, 157, 143, 148, 144, 134, 123, 110, 102, 92, 91]}
463 {0: [27, 27, 27, 27, 27, 29, 28, 28, 28, 28, 28, 28, 32, 29, 29, 29, 29, 29, 29, 31], 1: [226, 204, 185, 168, 151, 137, 120, 96, 83, 64, 48, 42, 52, 47, 41, 30, 24, 16, 14, 33]}
464 {0: [27, 27, 27, 27, 27, 31, 28, 27, 27, 27, 27, 27, 32, 26, 26, 26, 26, 26, 27, 27], 1: [235, 231, 226, 221, 212, 225, 223, 218, 207, 201, 196, 192, 189, 201, 198, 191, 184, 177, 173, 165]}
465 {0: [27, 27, 27, 26, 26, 32, 27, 26, 26, 26, 26, 26, 27, 25, 27, 27, 27, 27, 27, 31], 1: [232, 223, 210, 197, 184, 181, 176, 162, 147, 139, 128, 112, 110, 106, 95, 89, 82, 69, 63, 62]}
466 {0: [27, 27, 27, 27, 27, 33, 27, 28, 28, 28, 28, 28, 28, 26, 26, 25, 25, 25, 25, 25], 1: [235, 233, 231, 231, 231, 243, 252, 251, 250, 249, 248, 248, 247, 262, 265, 265, 263, 262, 261, 261]}
467 {0: [27, 27, 27, 27, 27, 34, 27, 27, 27, 27, 27, 27, 32, 27, 27, 26, 26, 26, 26, 26], 1: [235, 231, 226, 221, 211, 221, 223, 219, 213, 206, 200, 194, 188, 202, 194, 188, 182, 177, 168, 161]}
468 {0: [27, 27, 27, 27, 27, 30, 26, 27, 27, 27, 27, 27, 27, 25, 26, 26, 26, 26, 26, 26], 1: [235, 235, 234, 233, 233, 250, 255, 255, 255, 255, 255, 254, 254, 273, 274, 275, 275, 275, 275, 275]}
469 {0: [27, 27, 27, 26, 26, 29, 27, 27, 26, 26, 26, 26, 29, 29, 29, 29, 29, 29, 29, 29], 1: [232, 222, 202, 181, 168, 165, 153, 139, 131, 120, 109, 98, 88, 87, 79, 73, 61, 54, 50, 52]}
470 {0: [27, 27, 27, 27, 27, 27, 26, 27, 27, 27, 27, 27, 29, 26, 24, 24, 24, 24, 24, 24], 1: [235, 233, 231, 228, 224, 239, 237, 235, 232, 230, 227, 224, 219, 232, 231, 228, 222, 218, 213, 209]}
471 {0: [27, 27, 27, 27, 27, 32, 27, 27, 27, 27, 27, 27, 27, 26, 27, 26, 26, 26, 26, 26], 1: [235, 233, 231, 231, 231, 244, 251, 250, 250, 250, 250, 247, 247, 265, 266, 266, 265, 265, 265, 264]}
472 {0: [27, 27, 27, 26, 26, 28, 25, 26, 26, 26, 26, 26, 27, 26, 25, 24, 24, 24, 24, 24], 1: [235, 235, 235, 236, 236, 250, 257, 257, 257, 257, 257, 257, 257, 272, 276, 277, 277, 277, 277, 277]}
473 {0: [27, 27, 27, 26, 26, 28, 25, 26, 26, 26, 26, 26, 27, 26, 25, 24, 24, 24, 24, 24], 1: [235, 235, 235, 236, 236, 250, 257, 257, 257, 257, 257, 257, 257, 272, 276, 277, 277, 277, 277, 277]}
474 {0: [27, 27, 27, 27, 27, 28, 27, 27, 27, 27, 27, 27, 28, 28, 28, 28, 28, 28, 28, 28], 1: [233, 212, 183, 148, 122, 120, 93, 71, 52, 45, 36, 29, 46, 37, 34, 29, 20, 14, 10, 33]}
475 {0: [27, 27, 27, 27, 27, 30, 29, 28, 28, 28, 28, 28, 28, 28, 29, 29, 29, 29, 29, 29], 1: [235, 234, 233, 233, 232, 248, 253, 254, 253, 253, 252, 252, 251, 270, 271, 270, 270, 270, 270, 269]}
476 {0: [27, 27, 27, 27, 27, 30, 27, 27, 27, 27, 27, 27, 28, 27, 26, 26, 26, 26, 26, 29], 1: [221, 212, 187, 164, 134, 129, 100, 80, 55, 32, 28, 24, 40, 39, 33, 28, 21, 19, 15, 30]}
477 {0: [27, 27, 27, 27, 27, 30, 29, 28, 28, 28, 28, 28, 28, 26, 28, 27, 27, 27, 26, 26], 1: [235, 234, 233, 233, 232, 248, 254, 255, 255, 255, 255, 255, 254, 274, 274, 273, 273, 273, 274, 274]}
478 {0: [27, 27, 27, 27, 27, 30, 29, 28, 28, 28, 28, 28, 29, 28, 28, 28, 28, 28, 28, 29], 1: [233, 223, 204, 184, 163, 158, 133, 120, 99, 80, 64, 59, 65, 62, 58, 47, 36, 26, 21, 30]}
479 {0: [27, 27, 27, 27, 27, 26, 28, 27, 27, 27, 27, 27, 26, 25, 25, 25, 25, 26, 26, 28], 1: [229, 223, 196, 175, 152, 158, 146, 122, 99, 86, 73, 62, 67, 61, 46, 36, 27, 25, 19, 31]}
480 {0: [27, 27, 27, 27, 27, 29, 28, 28, 27, 27, 27, 27, 28, 27, 27, 27, 27, 27, 27, 27], 1: [227, 202, 167, 139, 106, 102, 89, 66, 48, 40, 32, 27, 45, 38, 33, 24, 19, 15, 12, 29]}
481 {0: [27, 27, 27, 27, 27, 29, 28, 28, 27, 27, 27, 27, 27, 27, 27, 27, 27, 27, 27, 30], 1: [227, 202, 167, 139, 106, 102, 89, 66, 48, 40, 32, 27, 45, 40, 31, 25, 19, 15, 14, 30]}
482 {0: [27, 27, 27, 27, 27, 28, 27, 27, 27, 27, 27, 27, 29, 26, 26, 26, 26, 26, 26, 29], 1: [233, 227, 215, 197, 180, 177, 163, 152, 130, 110, 93, 74, 73, 68, 50, 39, 34, 23, 20, 30]}
483 {0: [27, 27, 27, 27, 27, 28, 29, 28, 28, 28, 28, 28, 29, 30, 29, 29, 29, 29, 29, 31], 1: [223, 199, 174, 131, 105, 101, 79, 64, 50, 36, 30, 23, 37, 30, 24, 17, 13, 13, 10, 28]}
484 {0: [27, 27, 27, 27, 27, 28, 27, 26, 25, 24, 24, 24, 29, 26, 26, 26, 26, 26, 26, 28], 1: [235, 228, 215, 205, 194, 194, 186, 175, 158, 137, 123, 111, 105, 95, 80, 62, 58, 47, 42, 52]}
485 {0: [27, 27, 27, 27, 27, 25, 26, 26, 26, 26, 26, 26, 25, 26, 26, 26, 26, 26, 26, 28], 1: [223, 199, 174, 131, 111, 107, 86, 71, 51, 36, 26, 20, 35, 27, 25, 20, 15, 13, 10, 28]}
486 {0: [27, 27, 27, 27, 27, 27, 25, 25, 25, 25, 25, 25, 32, 27, 26, 26, 26, 26, 26, 30], 1: [233, 227, 215, 197, 181, 185, 170, 151, 134, 119, 106, 92, 92, 89, 77, 68, 48, 39, 27, 36]}
487 {0: [27, 27, 27, 27, 27, 27, 26, 26, 26, 26, 26, 26, 30, 28, 28, 28, 28, 28, 28, 28], 1: [235, 228, 215, 205, 194, 201, 195, 182, 165, 154, 144, 131, 127, 113, 93, 80, 67, 58, 45, 54]}
488 {0: [27, 27, 27, 27, 27, 33, 27, 28, 28, 28, 28, 28, 29, 27, 28, 27, 26, 26, 26, 25], 1: [235, 233, 231, 231, 231, 243, 250, 249, 248, 246, 245, 245, 242, 260, 259, 261, 261, 261, 261, 260]}
489 {0: [27, 27, 27, 27, 27, 32, 23, 24, 24, 24, 24, 24, 25, 25, 25, 24, 24, 24, 24, 24], 1: [235, 233, 231, 231, 228, 239, 249, 246, 245, 241, 239, 235, 232, 247, 246, 243, 242, 241, 238, 234]}
490 {0: [27, 27, 27, 27, 27, 32, 26, 26, 26, 26, 26, 26, 28, 29, 26, 26, 27, 27, 27, 27], 1: [235, 233, 231, 231, 231, 242, 251, 251, 250, 250, 248, 246, 246, 260, 265, 262, 258, 255, 252, 248]}
491 {0: [27, 27, 27, 27, 27, 33, 27, 28, 28, 28, 28, 28, 29, 27, 28, 29, 27, 27, 27, 27], 1: [235, 233, 231, 231, 231, 243, 250, 249, 248, 246, 245, 245, 242, 260, 258, 258, 258, 256, 254, 249]}
492 {0: [27, 27, 27, 27, 27, 32, 26, 26, 26, 26, 26, 26, 27, 28, 27, 26, 26, 25, 25, 25], 1: [235, 233, 231, 231, 231, 242, 251, 250, 248, 243, 240, 238, 236, 248, 249, 248, 247, 246, 244, 243]}
493 {0: [27, 27, 27, 27, 27, 30, 23, 25, 25, 25, 25, 25, 28, 28, 29, 29, 28, 28, 28, 28], 1: [235, 233, 230, 227, 225, 232, 241, 238, 235, 231, 226, 223, 219, 228, 227, 226, 224, 221, 216, 211]}
494 {0: [27, 27, 27, 27, 27, 29, 26, 27, 27, 27, 27, 27, 29, 26, 27, 27, 27, 27, 27, 28], 1: [235, 233, 231, 228, 224, 236, 241, 240, 238, 237, 235, 233, 230, 247, 244, 244, 242, 239, 235, 232]}
495 {0: [27, 27, 27, 27, 27, 30, 25, 25, 25, 25, 25, 25, 25, 25, 25, 26, 26, 26, 26, 29], 1: [235, 233, 231, 228, 228, 239, 244, 242, 238, 234, 229, 226, 228, 239, 237, 235, 231, 228, 225, 222]}
496 {0: [27, 27, 27, 27, 27, 30, 27, 27, 27, 27, 27, 27, 26, 26, 26, 26, 26, 26, 26, 32], 1: [231, 219, 201, 179, 164, 156, 139, 115, 101, 81, 69, 58, 63, 56, 43, 38, 31, 28, 21, 29]}
497 {0: [27, 27, 27, 27, 27, 32, 29, 28, 28, 28, 28, 28, 30, 29, 29, 29, 29, 29, 29, 29], 1: [220, 191, 157, 118, 86, 78, 62, 40, 31, 20, 14, 13, 35, 31, 23, 18, 13, 10, 10, 33]}
498 {0: [27, 27, 27, 27, 27, 35, 26, 26, 26, 26, 26, 26, 28, 26, 26, 27, 27, 27, 27, 31], 1: [235, 228, 222, 218, 207, 211, 209, 201, 190, 184, 179, 175, 177, 176, 166, 164, 150, 142, 137, 139]}
499 {0: [27, 27, 27, 27, 27, 29, 27, 26, 26, 25, 25, 25, 27, 27, 27, 27, 27, 27, 27, 29], 1: [224, 206, 185, 163, 140, 135, 119, 100, 84, 72, 57, 39, 52, 45, 40, 33, 29, 25, 18, 34]}
500 {0: [27, 27, 27, 27, 27, 28, 27, 27, 27, 27, 27, 27, 31, 27, 27, 27, 27, 27, 27, 32], 1: [235, 228, 213, 201, 182, 185, 172, 159, 148, 137, 122, 111, 108, 103, 89, 74, 63, 51, 42, 46]}
501 {0: [27, 26, 26, 26, 26, 30, 30, 30, 30, 30, 30, 30, 29, 30, 28, 28, 28, 28, 28, 30], 1: [216, 186, 142, 104, 72, 62, 44, 30, 21, 15, 9, 9, 32, 23, 21, 14, 14, 12, 10, 28]}
502 {0: [27, 27, 27, 27, 27, 26, 26, 26, 26, 26, 26, 25, 29, 25, 25, 25, 25, 25, 25, 30], 1: [229, 219, 206, 187, 162, 163, 138, 122, 104, 84, 69, 62, 66, 65, 48, 35, 27, 21, 16, 29]}
503 {0: [27, 27, 26, 26, 26, 29, 27, 27, 27, 27, 27, 27, 31, 29, 29, 29, 29, 29, 29, 28], 1: [228, 215, 199, 179, 162, 152, 135, 114, 84, 66, 58, 48, 53, 49, 35, 23, 18, 14, 10, 33]}
504 {0: [27, 27, 27, 27, 27, 29, 28, 28, 28, 28, 28, 28, 29, 29, 28, 28, 28, 28, 28, 27], 1: [225, 208, 182, 164, 125, 127, 101, 85, 73, 57, 42, 32, 42, 37, 28, 23, 17, 16, 12, 31]}
505 {0: [27, 27, 27, 27, 27, 31, 27, 26, 26, 26, 26, 26, 28, 28, 27, 27, 27, 27, 27, 27], 1: [235, 231, 226, 221, 211, 227, 223, 220, 216, 204, 199, 194, 189, 200, 199, 188, 180, 171, 163, 156]}
506 {0: [27, 27, 27, 27, 27, 31, 28, 28, 28, 28, 28, 28, 29, 28, 27, 27, 27, 27, 27, 26], 1: [219, 193, 153, 115, 82, 78, 62, 44, 33, 19, 13, 10, 28, 24, 20, 17, 15, 14, 12, 32]}
507 {0: [27, 27, 27, 27, 27, 29, 26, 26, 26, 26, 26, 26, 30, 28, 28, 28, 28, 28, 28, 31], 1: [234, 223, 205, 193, 167, 164, 147, 124, 98, 79, 63, 52, 54, 50, 39, 29, 21, 18, 17, 31]}
508 {0: [27, 27, 27, 26, 26, 27, 26, 26, 26, 26, 26, 26, 28, 29, 28, 27, 27, 27, 27, 27], 1: [222, 198, 160, 113, 90, 83, 51, 32, 23, 17, 14, 12, 29, 27, 23, 20, 16, 12, 10, 29]}
509 {0: [27, 27, 27, 27, 27, 31, 25, 25, 25, 25, 25, 25, 32, 30, 27, 26, 26, 26, 26, 26], 1: [235, 231, 229, 226, 223, 238, 242, 241, 236, 233, 227, 222, 217, 231, 233, 229, 224, 220, 214, 210]}
510 {0: [27, 27, 27, 27, 27, 30, 27, 26, 26, 26, 26, 26, 29, 25, 27, 28, 28, 28, 28, 30], 1: [235, 227, 219, 210, 202, 211, 204, 188, 169, 164, 156, 148, 144, 150, 139, 134, 128, 120, 114, 106]}
511 {0: [27, 27, 27, 27, 27, 30, 27, 25, 25, 25, 25, 25, 31, 28, 29, 27, 27, 27, 27, 31], 1: [235, 229, 218, 202, 192, 199, 193, 179, 166, 155, 147, 140, 129, 135, 127, 118, 113, 108, 98, 93]}
