8.507348817149177830e-04 5.588196029886603355e+00 2.450870361179113388e+00
3.651856100838632240e-04 5.588196029886603355e+00 2.450870361179113388e+00
8.507348817149177830e-04 8.396728020161390305e-01 2.450870361179113388e+00
8.507348817149177830e-04 5.588196029886603355e+00 3.242810174822807312e+00
8.507348817149177830e-04 8.396728020161390305e-01 3.242810174822807312e+00
3.651856100838632240e-04 5.588196029886603355e+00 3.242810174822807312e+00
3.651856100838632240e-04 8.396728020161390305e-01 2.450870361179113388e+00
3.651856100838632240e-04 8.396728020161390305e-01 3.242810174822807312e+00
4.843469294728712017e-04 8.269146457314491272e-01 3.578056346625089645e+00
6.036455466989428279e-04 8.269146457314491272e-01 3.578056346625089645e+00
4.843469294728712017e-04 3.549781663343310356e+00 3.578056346625089645e+00
4.843469294728712017e-04 8.269146457314491272e-01 2.056362524628639221e+00
4.843469294728712017e-04 3.549781663343310356e+00 2.056362524628639221e+00
6.036455466989428279e-04 8.269146457314491272e-01 2.056362524628639221e+00
6.036455466989428279e-04 3.549781663343310356e+00 3.578056346625089645e+00
6.036455466989428279e-04 3.549781663343310356e+00 2.056362524628639221e+00
2.217707910612225621e-04 4.498444827273488045e+00 1.782941460609436035e+00
4.763530885614455148e-05 4.498444827273488045e+00 1.782941460609436035e+00
2.217707910612225621e-04 4.950454674661159515e+00 1.782941460609436035e+00
2.217707910612225621e-04 4.498444827273488045e+00 1.313696820288896561e+00
2.217707910612225621e-04 4.950454674661159515e+00 1.313696820288896561e+00
4.763530885614455148e-05 4.498444827273488045e+00 1.313696820288896561e+00
4.763530885614455148e-05 4.950454674661159515e+00 1.782941460609436035e+00
4.763530885614455148e-05 4.950454674661159515e+00 1.313696820288896561e+00
6.056389043740928978e-04 2.690288264304399490e+00 4.160055592656135559e+00
8.002327188830824075e-04 2.690288264304399490e+00 4.160055592656135559e+00
6.056389043740928978e-04 2.428554005920886993e+00 4.160055592656135559e+00
6.056389043740928978e-04 2.690288264304399490e+00 4.375174034386873245e+00
6.056389043740928978e-04 2.428554005920886993e+00 4.375174034386873245e+00
8.002327188830824075e-04 2.690288264304399490e+00 4.375174034386873245e+00
8.002327188830824075e-04 2.428554005920886993e+00 4.160055592656135559e+00
8.002327188830824075e-04 2.428554005920886993e+00 4.375174034386873245e+00
7.354795066900551848e-04 3.218977952376008034e+00 3.204091209918260574e+00
9.352248342949898803e-04 3.218977952376008034e+00 3.204091209918260574e+00
7.354795066900551848e-04 1.841817760840058327e+00 3.204091209918260574e+00
7.354795066900551848e-04 3.218977952376008034e+00 3.584126181900501251e+00
7.354795066900551848e-04 1.841817760840058327e+00 3.584126181900501251e+00
9.352248342949898803e-04 3.218977952376008034e+00 3.584126181900501251e+00
9.352248342949898803e-04 1.841817760840058327e+00 3.204091209918260574e+00
9.352248342949898803e-04 1.841817760840058327e+00 3.584126181900501251e+00
1.193605939745903064e-04 1.604169454425573349e+00 2.830702725797891617e+00
1.584817839618772432e-04 1.604169454425573349e+00 2.830702725797891617e+00
1.193605939745903064e-04 5.864128628745675087e+00 2.830702725797891617e+00
1.193605939745903064e-04 1.604169454425573349e+00 2.647648073732852936e+00
1.193605939745903064e-04 5.864128628745675087e+00 2.647648073732852936e+00
1.584817839618772432e-04 1.604169454425573349e+00 2.647648073732852936e+00
1.584817839618772432e-04 5.864128628745675087e+00 2.830702725797891617e+00
1.584817839618772432e-04 5.864128628745675087e+00 2.647648073732852936e+00
3.643158961581066907e-04 5.082167191430926323e+00 4.559535332024097443e+00
7.259644455965609013e-04 5.082167191430926323e+00 4.559535332024097443e+00
3.643158961581066907e-04 4.464735914021730423e+00 4.559535332024097443e+00
3.643158961581066907e-04 5.082167191430926323e+00 1.984129589051008224e+00
3.643158961581066907e-04 4.464735914021730423e+00 1.984129589051008224e+00
7.259644455965609013e-04 5.082167191430926323e+00 1.984129589051008224e+00
7.259644455965609013e-04 4.464735914021730423e+00 4.559535332024097443e+00
7.259644455965609013e-04 4.464735914021730423e+00 1.984129589051008224e+00
9.979530787700787754e-04 5.142335146665573120e-01 1.436188243329524994e+00
4.965290436167270945e-04 5.142335146665573120e-01 1.436188243329524994e+00
9.979530787700787754e-04 2.542139925062656403e-01 1.436188243329524994e+00
9.979530787700787754e-04 5.142335146665573120e-01 4.795576225966215134e+00
9.979530787700787754e-04 2.542139925062656403e-01 4.795576225966215134e+00
4.965290436167270945e-04 5.142335146665573120e-01 4.795576225966215134e+00
4.965290436167270945e-04 2.542139925062656403e-01 1.436188243329524994e+00
4.965290436167270945e-04 2.542139925062656403e-01 4.795576225966215134e+00
9.346757117956877581e-04 3.766209416091442108e+00 4.867396358400583267e+00
2.113665624912828493e-04 3.766209416091442108e+00 4.867396358400583267e+00
9.346757117956877581e-04 3.286148736253380775e+00 4.867396358400583267e+00
9.346757117956877581e-04 3.766209416091442108e+00 4.161128446459770203e+00
9.346757117956877581e-04 3.286148736253380775e+00 4.161128446459770203e+00
2.113665624912828493e-04 3.766209416091442108e+00 4.161128446459770203e+00
2.113665624912828493e-04 3.286148736253380775e+00 4.867396358400583267e+00
2.113665624912828493e-04 3.286148736253380775e+00 4.161128446459770203e+00
3.019865085519851016e-04 2.568517869338393211e+00 1.244538147002458572e+00
9.486260707993061361e-04 2.568517869338393211e+00 1.244538147002458572e+00
3.019865085519851016e-04 1.326039249077439308e+00 1.244538147002458572e+00
3.019865085519851016e-04 2.568517869338393211e+00 1.099529162049293518e+00
3.019865085519851016e-04 1.326039249077439308e+00 1.099529162049293518e+00
9.486260707993061361e-04 2.568517869338393211e+00 1.099529162049293518e+00
9.486260707993061361e-04 1.326039249077439308e+00 1.244538147002458572e+00
9.486260707993061361e-04 1.326039249077439308e+00 1.099529162049293518e+00
5.733328393939882958e-05 5.652837429195642471e+00 3.394765339791774750e+00
3.884307098109275841e-04 5.652837429195642471e+00 3.394765339791774750e+00
5.733328393939882958e-05 2.926653418689966202e+00 3.394765339791774750e+00
5.733328393939882958e-05 5.652837429195642471e+00 2.278703171759843826e+00
5.733328393939882958e-05 2.926653418689966202e+00 2.278703171759843826e+00
3.884307098109275841e-04 5.652837429195642471e+00 2.278703171759843826e+00
3.884307098109275841e-04 2.926653418689966202e+00 3.394765339791774750e+00
3.884307098109275841e-04 2.926653418689966202e+00 2.278703171759843826e+00
6.723879853682593029e-04 1.408271061256527901e+00 2.521864540874958038e+00
6.427788634058088620e-04 1.408271061256527901e+00 2.521864540874958038e+00
6.723879853682593029e-04 4.698554892092943192e+00 2.521864540874958038e+00
6.723879853682593029e-04 1.408271061256527901e+00 3.465272892266511917e+00
6.723879853682593029e-04 4.698554892092943192e+00 3.465272892266511917e+00
6.427788634058088620e-04 1.408271061256527901e+00 3.465272892266511917e+00
6.427788634058088620e-04 4.698554892092943192e+00 2.521864540874958038e+00
6.427788634058088620e-04 4.698554892092943192e+00 3.465272892266511917e+00
5.426092652352528098e-04 4.676593344658613205e+00 1.599103879183530807e+00
5.311995079461485697e-04 4.676593344658613205e+00 1.599103879183530807e+00
5.426092652352528098e-04 5.284009410068392754e+00 1.599103879183530807e+00
5.426092652352528098e-04 4.676593344658613205e+00 4.510226435959339142e+00
5.426092652352528098e-04 5.284009410068392754e+00 4.510226435959339142e+00
5.311995079461485697e-04 4.676593344658613205e+00 4.510226435959339142e+00
5.311995079461485697e-04 5.284009410068392754e+00 1.599103879183530807e+00
5.311995079461485697e-04 5.284009410068392754e+00 4.510226435959339142e+00
1.596814797529950937e-04 2.503747735172510147e-01 4.475729133933782578e+00
2.541686165910214961e-04 2.503747735172510147e-01 4.475729133933782578e+00
1.596814797529950937e-04 2.011697737500071526e+00 4.475729133933782578e+00
1.596814797529950937e-04 2.503747735172510147e-01 1.698657728731632233e+00
1.596814797529950937e-04 2.011697737500071526e+00 1.698657728731632233e+00
2.541686165910214961e-04 2.503747735172510147e-01 1.698657728731632233e+00
2.541686165910214961e-04 2.011697737500071526e+00 4.475729133933782578e+00
2.541686165910214961e-04 2.011697737500071526e+00 1.698657728731632233e+00
4.220795133672655360e-04 3.516528010368347168e+00 2.134219661355018616e+00
8.185047396700830587e-04 3.516528010368347168e+00 2.134219661355018616e+00
4.220795133672655360e-04 4.123667255043983459e-01 2.134219661355018616e+00
4.220795133672655360e-04 3.516528010368347168e+00 2.925667922943830490e+00
4.220795133672655360e-04 4.123667255043983459e-01 2.925667922943830490e+00
8.185047396700830587e-04 3.516528010368347168e+00 2.925667922943830490e+00
8.185047396700830587e-04 4.123667255043983459e-01 2.134219661355018616e+00
8.185047396700830587e-04 4.123667255043983459e-01 2.925667922943830490e+00
7.873956623300911416e-04 2.137184618040919304e+00 3.760917961597442627e+00
8.783032479323448036e-05 2.137184618040919304e+00 3.760917961597442627e+00
7.873956623300911416e-04 3.872889272868633270e+00 3.760917961597442627e+00
7.873956623300911416e-04 2.137184618040919304e+00 3.862268101423978806e+00
7.873956623300911416e-04 3.872889272868633270e+00 3.862268101423978806e+00
8.783032479323448036e-05 2.137184618040919304e+00 3.862268101423978806e+00
8.783032479323448036e-05 3.872889272868633270e+00 3.760917961597442627e+00
8.783032479323448036e-05 3.872889272868633270e+00 3.862268101423978806e+00
7.739837951753289090e-04 3.615664299577474594e+00 1.109112739562988281e+00
6.971922152172775004e-04 3.615664299577474594e+00 1.109112739562988281e+00
7.739837951753289090e-04 2.471888210624456406e+00 1.109112739562988281e+00
7.739837951753289090e-04 3.615664299577474594e+00 1.615814488381147385e+00
7.739837951753289090e-04 2.471888210624456406e+00 1.615814488381147385e+00
6.971922152172775004e-04 3.615664299577474594e+00 1.615814488381147385e+00
6.971922152172775004e-04 2.471888210624456406e+00 1.109112739562988281e+00
6.971922152172775004e-04 2.471888210624456406e+00 1.615814488381147385e+00
3.930533959623426997e-04 2.048097068443894386e+00 4.982321575284004211e+00
4.589609389994294374e-04 2.048097068443894386e+00 4.982321575284004211e+00
3.930533959623426997e-04 5.198913495987653732e+00 4.982321575284004211e+00
3.930533959623426997e-04 2.048097068443894386e+00 4.679245721548795700e+00
3.930533959623426997e-04 5.198913495987653732e+00 4.679245721548795700e+00
4.589609389994294374e-04 2.048097068443894386e+00 4.679245721548795700e+00
4.589609389994294374e-04 5.198913495987653732e+00 4.982321575284004211e+00
4.589609389994294374e-04 5.198913495987653732e+00 4.679245721548795700e+00
1.540743038197979356e-04 4.775912001729011536e+00 2.628604378551244736e+00
8.937698676381261543e-04 4.775912001729011536e+00 2.628604378551244736e+00
1.540743038197979356e-04 3.600288989022374153e+00 2.628604378551244736e+00
1.540743038197979356e-04 4.775912001729011536e+00 3.952158279716968536e+00
1.540743038197979356e-04 3.600288989022374153e+00 3.952158279716968536e+00
8.937698676381261543e-04 4.775912001729011536e+00 3.952158279716968536e+00
8.937698676381261543e-04 3.600288989022374153e+00 2.628604378551244736e+00
8.937698676381261543e-04 3.600288989022374153e+00 3.952158279716968536e+00
5.213878241656349360e-04 1.614695917814970016e-01 3.251885067671537399e+00
1.414011031221598560e-04 1.614695917814970016e-01 3.251885067671537399e+00
5.213878241656349360e-04 1.060055511072278023e+00 3.251885067671537399e+00
5.213878241656349360e-04 1.614695917814970016e-01 2.763758517801761627e+00
5.213878241656349360e-04 1.060055511072278023e+00 2.763758517801761627e+00
1.414011031221598560e-04 1.614695917814970016e-01 2.763758517801761627e+00
1.414011031221598560e-04 1.060055511072278023e+00 3.251885067671537399e+00
1.414011031221598560e-04 1.060055511072278023e+00 2.763758517801761627e+00
6.394605997456238302e-04 5.941165991127490997e+00 4.362270303070545197e+00
2.263246165588498433e-06 5.941165991127490997e+00 4.362270303070545197e+00
6.394605997456238302e-04 9.827202558517456055e-02 4.362270303070545197e+00
6.394605997456238302e-04 5.941165991127490997e+00 1.211052019149065018e+00
6.394605997456238302e-04 9.827202558517456055e-02 1.211052019149065018e+00
2.263246165588498433e-06 5.941165991127490997e+00 1.211052019149065018e+00
2.263246165588498433e-06 9.827202558517456055e-02 4.362270303070545197e+00
2.263246165588498433e-06 9.827202558517456055e-02 1.211052019149065018e+00
8.799240059219302031e-06 1.133375784382224083e+00 1.735016010701656342e+00
7.792654290702194725e-04 1.133375784382224083e+00 1.735016010701656342e+00
8.799240059219302031e-06 4.138827010989189148e+00 1.735016010701656342e+00
8.799240059219302031e-06 1.133375784382224083e+00 4.024452794343233109e+00
8.799240059219302031e-06 4.138827010989189148e+00 4.024452794343233109e+00
7.792654290702194725e-04 1.133375784382224083e+00 4.024452794343233109e+00
7.792654290702194725e-04 4.138827010989189148e+00 1.735016010701656342e+00
7.792654290702194725e-04 4.138827010989189148e+00 4.024452794343233109e+00
2.612544168215245508e-04 4.054357040673494339e+00 3.905263442546129227e+00
3.403009711708873935e-04 4.054357040673494339e+00 3.905263442546129227e+00
2.612544168215245508e-04 5.738728975877165794e+00 3.905263442546129227e+00
2.612544168215245508e-04 4.054357040673494339e+00 3.345232054591178894e+00
2.612544168215245508e-04 5.738728975877165794e+00 3.345232054591178894e+00
3.403009711708873935e-04 4.054357040673494339e+00 3.345232054591178894e+00
3.403009711708873935e-04 5.738728975877165794e+00 3.905263442546129227e+00
3.403009711708873935e-04 5.738728975877165794e+00 3.345232054591178894e+00
8.783370064664633003e-04 2.293441655114293098e+00 2.027967754751443863e+00
5.699955206084996763e-04 2.293441655114293098e+00 2.027967754751443863e+00
8.783370064664633003e-04 1.511385044082999229e+00 2.027967754751443863e+00
8.783370064664633003e-04 2.293441655114293098e+00 2.406801715493202209e+00
8.783370064664633003e-04 1.511385044082999229e+00 2.406801715493202209e+00
5.699955206084996763e-04 2.293441655114293098e+00 2.406801715493202209e+00
5.699955206084996763e-04 1.511385044082999229e+00 2.027967754751443863e+00
5.699955206084996763e-04 1.511385044082999229e+00 2.406801715493202209e+00
9.411236962592230007e-04 4.983008751645684242e+00 3.713125072419643402e+00
8.550660567488522828e-04 4.983008751645684242e+00 3.713125072419643402e+00
9.411236962592230007e-04 4.653938367962837219e+00 3.713125072419643402e+00
9.411236962592230007e-04 4.983008751645684242e+00 2.541770737618207932e+00
9.411236962592230007e-04 4.653938367962837219e+00 2.541770737618207932e+00
8.550660567488522828e-04 4.983008751645684242e+00 2.541770737618207932e+00
8.550660567488522828e-04 4.653938367962837219e+00 3.713125072419643402e+00
8.550660567488522828e-04 4.653938367962837219e+00 2.541770737618207932e+00
3.230988882286474958e-04 6.032989136874675751e-01 2.336317069828510284e+00
1.176083899904042582e-04 6.032989136874675751e-01 2.336317069828510284e+00
3.230988882286474958e-04 2.676913708448410034e+00 2.336317069828510284e+00
3.230988882286474958e-04 6.032989136874675751e-01 3.730292569845914841e+00
3.230988882286474958e-04 2.676913708448410034e+00 3.730292569845914841e+00
1.176083899904042582e-04 6.032989136874675751e-01 3.730292569845914841e+00
1.176083899904042582e-04 2.676913708448410034e+00 2.336317069828510284e+00
1.176083899904042582e-04 2.676913708448410034e+00 3.730292569845914841e+00
7.033592501468957094e-05 3.119635669514536858e+00 4.052943829447031021e+00
5.492245731223375236e-04 3.119635669514536858e+00 4.052943829447031021e+00
7.033592501468957094e-05 1.276814153417944908e+00 4.052943829447031021e+00
7.033592501468957094e-05 3.119635669514536858e+00 4.893918819725513458e+00
7.033592501468957094e-05 1.276814153417944908e+00 4.893918819725513458e+00
5.492245731223375236e-04 3.119635669514536858e+00 4.893918819725513458e+00
5.492245731223375236e-04 1.276814153417944908e+00 4.052943829447031021e+00
5.492245731223375236e-04 1.276814153417944908e+00 4.893918819725513458e+00
7.020671676527710185e-04 1.693051010370254517e+00 1.926178414374589920e+00
2.946782461907715314e-04 1.693051010370254517e+00 1.926178414374589920e+00
7.020671676527710185e-04 3.067046826705336571e+00 1.926178414374589920e+00
7.020671676527710185e-04 1.693051010370254517e+00 1.830365516245365143e+00
7.020671676527710185e-04 3.067046826705336571e+00 1.830365516245365143e+00
2.946782461907715314e-04 1.693051010370254517e+00 1.830365516245365143e+00
2.946782461907715314e-04 3.067046826705336571e+00 1.926178414374589920e+00
2.946782461907715314e-04 3.067046826705336571e+00 1.830365516245365143e+00
5.839344451036305311e-04 4.210182761773467064e+00 2.944766178727149963e+00
4.104043108019978631e-04 4.210182761773467064e+00 2.944766178727149963e+00
5.839344451036305311e-04 4.027548562735319138e+00 2.944766178727149963e+00
5.839344451036305311e-04 4.210182761773467064e+00 2.129165250808000565e+00
5.839344451036305311e-04 4.027548562735319138e+00 2.129165250808000565e+00
4.104043108019978631e-04 4.210182761773467064e+00 2.129165250808000565e+00
4.104043108019978631e-04 4.027548562735319138e+00 2.944766178727149963e+00
4.104043108019978631e-04 4.027548562735319138e+00 2.129165250808000565e+00
2.156710548344999666e-04 2.965250037610530853e+00 3.067559182643890381e+00
6.871455676387996881e-04 2.965250037610530853e+00 3.067559182643890381e+00
2.156710548344999666e-04 7.369943819940090179e-01 3.067559182643890381e+00
2.156710548344999666e-04 2.965250037610530853e+00 3.067717660218477249e+00
2.156710548344999666e-04 7.369943819940090179e-01 3.067717660218477249e+00
6.871455676387996881e-04 2.965250037610530853e+00 3.067717660218477249e+00
6.871455676387996881e-04 7.369943819940090179e-01 3.067559182643890381e+00
6.871455676387996881e-04 7.369943819940090179e-01 3.067717660218477249e+00
4.548377715377137994e-04 5.300119237974286079e+00 1.292462658137083054e+00
2.440717278849333723e-04 5.300119237974286079e+00 1.292462658137083054e+00
4.548377715377137994e-04 2.138379978016018867e+00 1.292462658137083054e+00
4.548377715377137994e-04 5.300119237974286079e+00 4.310399577021598816e+00
4.548377715377137994e-04 2.138379978016018867e+00 4.310399577021598816e+00
2.440717278849333723e-04 5.300119237974286079e+00 4.310399577021598816e+00
2.440717278849333723e-04 2.138379978016018867e+00 1.292462658137083054e+00
2.440717278849333723e-04 2.138379978016018867e+00 4.310399577021598816e+00
8.368304617097602639e-04 1.102061692625284195e+00 4.665182616561651230e+00
9.744565231297166921e-04 1.102061692625284195e+00 4.665182616561651230e+00
8.368304617097602639e-04 5.615723283961415291e+00 4.665182616561651230e+00
8.368304617097602639e-04 1.102061692625284195e+00 1.496876731514930725e+00
8.368304617097602639e-04 5.615723283961415291e+00 1.496876731514930725e+00
9.744565231297166921e-04 1.102061692625284195e+00 1.496876731514930725e+00
9.744565231297166921e-04 5.615723283961415291e+00 4.665182616561651230e+00
9.744565231297166921e-04 5.615723283961415291e+00 1.496876731514930725e+00
8.245640922645107711e-04 4.392758421599864960e+00 3.452729672193527222e+00
5.815908453632146445e-04 4.392758421599864960e+00 3.452729672193527222e+00
8.245640922645107711e-04 3.072382640093564987e-01 3.452729672193527222e+00
8.245640922645107711e-04 4.392758421599864960e+00 1.792518429458141327e+00
8.245640922645107711e-04 3.072382640093564987e-01 1.792518429458141327e+00
5.815908453632146445e-04 4.392758421599864960e+00 1.792518429458141327e+00
5.815908453632146445e-04 3.072382640093564987e-01 3.452729672193527222e+00
5.815908453632146445e-04 3.072382640093564987e-01 1.792518429458141327e+00
4.435608099224046578e-04 2.772468036040663719e+00 2.575953170657157898e+00
3.287070754971355840e-04 2.772468036040663719e+00 2.575953170657157898e+00
4.435608099224046578e-04 4.353309569880366325e+00 2.575953170657157898e+00
4.435608099224046578e-04 2.772468036040663719e+00 4.979117654263973236e+00
4.435608099224046578e-04 4.353309569880366325e+00 4.979117654263973236e+00
3.287070754971355840e-04 2.772468036040663719e+00 4.979117654263973236e+00
3.287070754971355840e-04 4.353309569880366325e+00 2.575953170657157898e+00
3.287070754971355840e-04 4.353309569880366325e+00 4.979117654263973236e+00
1.966972380653023795e-04 5.506130609661340714e+00 4.784743364900350571e+00
7.596362875010819176e-04 5.506130609661340714e+00 4.784743364900350571e+00
1.966972380653023795e-04 5.951706536114215851e+00 4.784743364900350571e+00
1.966972380653023795e-04 5.506130609661340714e+00 3.642652358859777451e+00
1.966972380653023795e-04 5.951706536114215851e+00 3.642652358859777451e+00
7.596362875010819176e-04 5.506130609661340714e+00 3.642652358859777451e+00
7.596362875010819176e-04 5.951706536114215851e+00 4.784743364900350571e+00
7.596362875010819176e-04 5.951706536114215851e+00 3.642652358859777451e+00
5.639988494031131835e-04 9.327154029160737991e-01 1.158009391278028488e+00
2.189000593312084861e-05 9.327154029160737991e-01 1.158009391278028488e+00
5.639988494031131835e-04 1.718891881406307220e+00 1.158009391278028488e+00
5.639988494031131835e-04 9.327154029160737991e-01 2.581082697957754135e+00
5.639988494031131835e-04 1.718891881406307220e+00 2.581082697957754135e+00
2.189000593312084861e-05 9.327154029160737991e-01 2.581082697957754135e+00
2.189000593312084861e-05 1.718891881406307220e+00 1.158009391278028488e+00
2.189000593312084861e-05 1.718891881406307220e+00 2.581082697957754135e+00
7.132377371676266661e-04 5.164072316139936447e+00 2.205894030630588531e+00
1.529816607069224186e-04 5.164072316139936447e+00 2.205894030630588531e+00
7.132377371676266661e-04 2.258527496829628944e+00 2.205894030630588531e+00
7.132377371676266661e-04 5.164072316139936447e+00 1.379943430423736572e+00
7.132377371676266661e-04 2.258527496829628944e+00 1.379943430423736572e+00
1.529816607069224186e-04 5.164072316139936447e+00 1.379943430423736572e+00
1.529816607069224186e-04 2.258527496829628944e+00 2.205894030630588531e+00
1.529816607069224186e-04 2.258527496829628944e+00 1.379943430423736572e+00
8.246538552641869530e-05 4.090049061924219131e-01 3.828655593097209930e+00
8.821916918549687660e-04 4.090049061924219131e-01 3.828655593097209930e+00
8.246538552641869530e-05 4.991755211725831032e+00 3.828655593097209930e+00
8.246538552641869530e-05 4.090049061924219131e-01 4.316512197256088257e+00
8.246538552641869530e-05 4.991755211725831032e+00 4.316512197256088257e+00
8.821916918549687660e-04 4.090049061924219131e-01 4.316512197256088257e+00
8.821916918549687660e-04 4.991755211725831032e+00 3.828655593097209930e+00
8.821916918549687660e-04 4.991755211725831032e+00 4.316512197256088257e+00
3.431713630901650014e-04 3.324137806892395020e+00 1.561395633965730667e+00
4.393170302603394226e-04 3.324137806892395020e+00 1.561395633965730667e+00
3.431713630901650014e-04 3.391705993562936783e+00 1.561395633965730667e+00
3.431713630901650014e-04 3.324137806892395020e+00 3.059163603931665421e+00
3.431713630901650014e-04 3.391705993562936783e+00 3.059163603931665421e+00
4.393170302603394226e-04 3.324137806892395020e+00 3.059163603931665421e+00
4.393170302603394226e-04 3.391705993562936783e+00 1.561395633965730667e+00
4.393170302603394226e-04 3.391705993562936783e+00 3.059163603931665421e+00
9.602039349013941159e-04 1.522195575758814812e+00 4.434084091335535049e+00
7.168346948754043563e-04 1.522195575758814812e+00 4.434084091335535049e+00
9.602039349013941159e-04 8.452244885265827179e-01 4.434084091335535049e+00
9.602039349013941159e-04 1.522195575758814812e+00 2.247563365846872330e+00
9.602039349013941159e-04 8.452244885265827179e-01 2.247563365846872330e+00
7.168346948754043563e-04 1.522195575758814812e+00 2.247563365846872330e+00
7.168346948754043563e-04 8.452244885265827179e-01 4.434084091335535049e+00
7.168346948754043563e-04 8.452244885265827179e-01 2.247563365846872330e+00
8.983938172608615675e-04 5.758637895807623863e+00 1.869256667792797089e+00
9.862957443688064908e-04 5.758637895807623863e+00 1.869256667792797089e+00
8.983938172608615675e-04 3.820053214207291603e+00 1.869256667792797089e+00
8.983938172608615675e-04 5.758637895807623863e+00 2.867019943892955780e+00
8.983938172608615675e-04 3.820053214207291603e+00 2.867019943892955780e+00
9.862957443688064908e-04 5.758637895807623863e+00 2.867019943892955780e+00
9.862957443688064908e-04 3.820053214207291603e+00 1.869256667792797089e+00
9.862957443688064908e-04 3.820053214207291603e+00 2.867019943892955780e+00
2.803504311777651613e-04 1.326205350458621979e+00 4.242434002459049225e+00
2.322339357268065425e-04 1.326205350458621979e+00 4.242434002459049225e+00
2.803504311777651613e-04 5.239825341850519180e-01 4.242434002459049225e+00
2.803504311777651613e-04 1.326205350458621979e+00 3.928467534482479095e+00
2.803504311777651613e-04 5.239825341850519180e-01 3.928467534482479095e+00
2.322339357268065425e-04 1.326205350458621979e+00 3.928467534482479095e+00
2.322339357268065425e-04 5.239825341850519180e-01 4.242434002459049225e+00
2.322339357268065425e-04 5.239825341850519180e-01 3.928467534482479095e+00
1.995403386000544249e-05 3.848389657214283943e+00 2.396568153053522110e+00
6.677603225540370722e-04 3.848389657214283943e+00 2.396568153053522110e+00
1.995403386000544249e-05 1.923931796103715897e+00 2.396568153053522110e+00
1.995403386000544249e-05 3.848389657214283943e+00 4.701471652835607529e+00
1.995403386000544249e-05 1.923931796103715897e+00 4.701471652835607529e+00
6.677603225540370722e-04 3.848389657214283943e+00 4.701471652835607529e+00
6.677603225540370722e-04 1.923931796103715897e+00 2.396568153053522110e+00
6.677603225540370722e-04 1.923931796103715897e+00 4.701471652835607529e+00
6.516057243244723421e-04 2.462831933051347733e+00 3.519817400723695755e+00
4.297871740851551964e-04 2.462831933051347733e+00 3.519817400723695755e+00
6.516057243244723421e-04 5.406745646148920059e+00 3.519817400723695755e+00
6.516057243244723421e-04 2.462831933051347733e+00 1.514994498342275620e+00
6.516057243244723421e-04 5.406745646148920059e+00 1.514994498342275620e+00
4.297871740851551964e-04 2.462831933051347733e+00 1.514994498342275620e+00
4.297871740851551964e-04 5.406745646148920059e+00 3.519817400723695755e+00
4.297871740851551964e-04 5.406745646148920059e+00 1.514994498342275620e+00
5.024288378329947900e-04 3.434553885832428932e+00 4.600905761122703552e+00
3.065027002599090872e-04 3.434553885832428932e+00 4.600905761122703552e+00
5.024288378329947900e-04 4.868757991120219231e+00 4.600905761122703552e+00
5.024288378329947900e-04 3.434553885832428932e+00 2.462226927280426025e+00
5.024288378329947900e-04 4.868757991120219231e+00 2.462226927280426025e+00
3.065027002599090872e-04 3.434553885832428932e+00 2.462226927280426025e+00
3.065027002599090872e-04 4.868757991120219231e+00 4.600905761122703552e+00
3.065027002599090872e-04 4.868757991120219231e+00 2.462226927280426025e+00
1.341240042159333803e-04 2.242344226688146591e+00 1.473682910203933716e+00
5.374025008548051962e-04 2.242344226688146591e+00 1.473682910203933716e+00
1.341240042159333803e-04 2.885531080886721611e+00 1.473682910203933716e+00
1.341240042159333803e-04 2.242344226688146591e+00 3.273705095052719116e+00
1.341240042159333803e-04 2.885531080886721611e+00 3.273705095052719116e+00
5.374025008548051962e-04 2.242344226688146591e+00 3.273705095052719116e+00
5.374025008548051962e-04 2.885531080886721611e+00 1.473682910203933716e+00
5.374025008548051962e-04 2.885531080886721611e+00 3.273705095052719116e+00
3.808017304204404960e-04 4.571365160867571831e+00 3.136078994721174240e+00
9.820837773568929087e-05 4.571365160867571831e+00 3.136078994721174240e+00
3.808017304204404960e-04 1.483938150107860565e+00 3.136078994721174240e+00
3.808017304204404960e-04 4.571365160867571831e+00 4.094514880329370499e+00
3.808017304204404960e-04 1.483938150107860565e+00 4.094514880329370499e+00
9.820837773568929087e-05 4.571365160867571831e+00 4.094514880329370499e+00
9.820837773568929087e-05 1.483938150107860565e+00 3.136078994721174240e+00
9.820837773568929087e-05 1.483938150107860565e+00 4.094514880329370499e+00
7.626920031234623535e-04 3.322803229093551636e-01 2.758814807981252670e+00
8.744646399226040914e-04 3.322803229093551636e-01 2.758814807981252670e+00
7.626920031234623535e-04 3.280419029295444489e+00 2.758814807981252670e+00
7.626920031234623535e-04 3.322803229093551636e-01 1.158068183809518814e+00
7.626920031234623535e-04 3.280419029295444489e+00 1.158068183809518814e+00
8.744646399226040914e-04 3.322803229093551636e-01 1.158068183809518814e+00
8.744646399226040914e-04 3.280419029295444489e+00 2.758814807981252670e+00
8.744646399226040914e-04 3.280419029295444489e+00 1.158068183809518814e+00
7.995188817773014964e-04 4.857977041974663734e+00 4.107009585946798325e+00
4.847045895475894845e-04 4.857977041974663734e+00 4.107009585946798325e+00
7.995188817773014964e-04 1.681568842381238937e+00 4.107009585946798325e+00
7.995188817773014964e-04 4.857977041974663734e+00 3.411815080791711807e+00
7.995188817773014964e-04 1.681568842381238937e+00 3.411815080791711807e+00
4.847045895475894845e-04 4.857977041974663734e+00 3.411815080791711807e+00
4.847045895475894845e-04 1.681568842381238937e+00 4.107009585946798325e+00
4.847045895475894845e-04 1.681568842381238937e+00 3.411815080791711807e+00
4.332409687694162965e-04 5.566836521029472351e-02 1.984180908650159836e+00
7.377865178640933370e-04 5.566836521029472351e-02 1.984180908650159836e+00
4.332409687694162965e-04 5.697631683200597763e+00 1.984180908650159836e+00
4.332409687694162965e-04 5.566836521029472351e-02 2.348293188959360123e+00
4.332409687694162965e-04 5.697631683200597763e+00 2.348293188959360123e+00
7.377865178640933370e-04 5.566836521029472351e-02 2.348293188959360123e+00
7.377865178640933370e-04 5.697631683200597763e+00 1.984180908650159836e+00
7.377865178640933370e-04 5.697631683200597763e+00 2.348293188959360123e+00
1.787555740913376249e-04 3.721350995823740959e+00 3.626558154821395874e+00
1.778817962165922105e-04 3.721350995823740959e+00 3.626558154821395874e+00
1.787555740913376249e-04 4.296791033819317818e+00 3.626558154821395874e+00
1.787555740913376249e-04 3.721350995823740959e+00 1.027497708797454834e+00
1.787555740913376249e-04 4.296791033819317818e+00 1.027497708797454834e+00
1.778817962165922105e-04 3.721350995823740959e+00 1.027497708797454834e+00
1.778817962165922105e-04 4.296791033819317818e+00 3.626558154821395874e+00
1.778817962165922105e-04 4.296791033819317818e+00 1.027497708797454834e+00
5.626727525172755531e-04 1.965917497873306274e+00 2.253686949610710144e+00
9.158262511212379633e-04 1.965917497873306274e+00 2.253686949610710144e+00
5.626727525172755531e-04 9.247154183685779572e-02 2.253686949610710144e+00
5.626727525172755531e-04 1.965917497873306274e+00 4.216051071882247925e+00
5.626727525172755531e-04 9.247154183685779572e-02 4.216051071882247925e+00
9.158262511212379633e-04 1.965917497873306274e+00 4.216051071882247925e+00
9.158262511212379633e-04 9.247154183685779572e-02 2.253686949610710144e+00
9.158262511212379633e-04 9.247154183685779572e-02 4.216051071882247925e+00
6.611200187755749118e-04 3.949196672067046165e+00 1.360223162919282913e+00
7.883934976439923919e-04 3.949196672067046165e+00 1.360223162919282913e+00
6.611200187755749118e-04 1.007245883345603943e+00 1.360223162919282913e+00
6.611200187755749118e-04 3.949196672067046165e+00 3.760943617671728134e+00
6.611200187755749118e-04 1.007245883345603943e+00 3.760943617671728134e+00
7.883934976439923919e-04 3.949196672067046165e+00 3.760943617671728134e+00
7.883934976439923919e-04 1.007245883345603943e+00 1.360223162919282913e+00
7.883934976439923919e-04 1.007245883345603943e+00 3.760943617671728134e+00
4.507303646858782054e-05 2.375415109097957611e+00 4.736818823963403702e+00
5.947310101427138123e-05 2.375415109097957611e+00 4.736818823963403702e+00
4.507303646858782054e-05 3.711884021759033203e+00 4.736818823963403702e+00
4.507303646858782054e-05 2.375415109097957611e+00 2.947391267865896225e+00
4.507303646858782054e-05 3.711884021759033203e+00 2.947391267865896225e+00
5.947310101427138123e-05 2.375415109097957611e+00 2.947391267865896225e+00
5.947310101427138123e-05 3.711884021759033203e+00 4.736818823963403702e+00
5.947310101427138123e-05 3.711884021759033203e+00 2.947391267865896225e+00
2.820600195210427614e-04 5.859261112287640572e+00 2.903159298002719879e+00
6.230307917837054439e-04 5.859261112287640572e+00 2.903159298002719879e+00
2.820600195210427614e-04 5.111075302585959435e+00 2.903159298002719879e+00
2.820600195210427614e-04 5.859261112287640572e+00 1.674493007361888885e+00
2.820600195210427614e-04 5.111075302585959435e+00 1.674493007361888885e+00
6.230307917837054439e-04 5.859261112287640572e+00 1.674493007361888885e+00
6.230307917837054439e-04 5.111075302585959435e+00 2.903159298002719879e+00
6.230307917837054439e-04 5.111075302585959435e+00 1.674493007361888885e+00
9.157081584203989729e-04 1.238604728132486343e+00 3.029828064143657684e+00
3.458027468007058365e-04 1.238604728132486343e+00 3.029828064143657684e+00
9.157081584203989729e-04 2.594690954312682152e+00 3.029828064143657684e+00
9.157081584203989729e-04 1.238604728132486343e+00 4.613015793263912201e+00
9.157081584203989729e-04 2.594690954312682152e+00 4.613015793263912201e+00
3.458027468007058365e-04 1.238604728132486343e+00 4.613015793263912201e+00
3.458027468007058365e-04 2.594690954312682152e+00 3.029828064143657684e+00
3.458027468007058365e-04 2.594690954312682152e+00 4.613015793263912201e+00
9.780108065819367348e-04 3.037455137819051743e+00 2.711020920425653458e+00
7.624976720847190421e-05 3.037455137819051743e+00 2.711020920425653458e+00
9.780108065819367348e-04 5.445717483758926392e+00 2.711020920425653458e+00
9.780108065819367348e-04 3.037455137819051743e+00 4.494076643139123917e+00
9.780108065819367348e-04 5.445717483758926392e+00 4.494076643139123917e+00
7.624976720847190421e-05 3.037455137819051743e+00 4.494076643139123917e+00
7.624976720847190421e-05 5.445717483758926392e+00 2.711020920425653458e+00
7.624976720847190421e-05 5.445717483758926392e+00 4.494076643139123917e+00
3.453639994068072100e-04 1.798736745491623878e+00 3.338177371770143509e+00
8.300829154532403387e-04 1.798736745491623878e+00 3.338177371770143509e+00
3.453639994068072100e-04 2.179654017090797424e+00 3.338177371770143509e+00
3.453639994068072100e-04 1.798736745491623878e+00 1.305645350366830826e+00
3.453639994068072100e-04 2.179654017090797424e+00 1.305645350366830826e+00
8.300829154532403387e-04 1.798736745491623878e+00 1.305645350366830826e+00
8.300829154532403387e-04 2.179654017090797424e+00 3.338177371770143509e+00
8.300829154532403387e-04 2.179654017090797424e+00 1.305645350366830826e+00
1.080769707579165838e-04 4.877208665013313293e+00 1.050896696746349335e+00
2.738125253301114566e-04 4.877208665013313293e+00 1.050896696746349335e+00
1.080769707579165838e-04 5.788521822541952133e-01 1.050896696746349335e+00
1.080769707579165838e-04 4.877208665013313293e+00 2.062949120998382568e+00
1.080769707579165838e-04 5.788521822541952133e-01 2.062949120998382568e+00
2.738125253301114566e-04 4.877208665013313293e+00 2.062949120998382568e+00
2.738125253301114566e-04 5.788521822541952133e-01 1.050896696746349335e+00
2.738125253301114566e-04 5.788521822541952133e-01 2.062949120998382568e+00
7.232350423764438490e-04 6.853650938719511032e-01 4.927981235086917877e+00
5.115570282880217137e-04 6.853650938719511032e-01 4.927981235086917877e+00
7.232350423764438490e-04 4.033172478899359703e+00 4.927981235086917877e+00
7.232350423764438490e-04 6.853650938719511032e-01 3.126348942518234253e+00
7.232350423764438490e-04 4.033172478899359703e+00 3.126348942518234253e+00
5.115570282880217137e-04 6.853650938719511032e-01 3.126348942518234253e+00
5.115570282880217137e-04 4.033172478899359703e+00 4.927981235086917877e+00
5.115570282880217137e-04 4.033172478899359703e+00 3.126348942518234253e+00
6.247277100589127604e-04 5.405347175896167755e+00 3.942719977349042892e+00
6.311835386510938938e-04 5.405347175896167755e+00 3.942719977349042892e+00
6.247277100589127604e-04 3.120046075433492661e+00 3.942719977349042892e+00
6.247277100589127604e-04 5.405347175896167755e+00 4.835362162441015244e+00
6.247277100589127604e-04 3.120046075433492661e+00 4.835362162441015244e+00
6.311835386510938938e-04 5.405347175896167755e+00 4.835362162441015244e+00
6.311835386510938938e-04 3.120046075433492661e+00 3.942719977349042892e+00
6.311835386510938938e-04 3.120046075433492661e+00 4.835362162441015244e+00
2.418194553498179068e-04 1.020155807957053185e+00 2.069361086934804916e+00
4.000246054846793935e-04 1.020155807957053185e+00 2.069361086934804916e+00
2.418194553498179068e-04 1.165407132357358932e+00 2.069361086934804916e+00
2.418194553498179068e-04 1.020155807957053185e+00 1.896961446851491928e+00
2.418194553498179068e-04 1.165407132357358932e+00 1.896961446851491928e+00
4.000246054846793935e-04 1.020155807957053185e+00 1.896961446851491928e+00
4.000246054846793935e-04 1.165407132357358932e+00 2.069361086934804916e+00
4.000246054846793935e-04 1.165407132357358932e+00 1.896961446851491928e+00
4.964849719135091448e-04 4.292157400399446487e+00 4.290359482169151306e+00
9.682552123684436910e-04 4.292157400399446487e+00 4.290359482169151306e+00
4.964849719135091448e-04 2.764562459662556648e+00 4.290359482169151306e+00
4.964849719135091448e-04 4.292157400399446487e+00 2.733351401984691620e+00
4.964849719135091448e-04 2.764562459662556648e+00 2.733351401984691620e+00
9.682552123684436910e-04 4.292157400399446487e+00 2.733351401984691620e+00
9.682552123684436910e-04 2.764562459662556648e+00 4.290359482169151306e+00
9.682552123684436910e-04 2.764562459662556648e+00 2.733351401984691620e+00
8.618816257705912663e-04 2.860090853646397591e+00 1.667041927576065063e+00
1.917398027237504957e-04 2.860090853646397591e+00 1.667041927576065063e+00
8.618816257705912663e-04 4.530947433784604073e+00 1.667041927576065063e+00
8.618816257705912663e-04 2.860090853646397591e+00 3.546781681478023529e+00
8.618816257705912663e-04 4.530947433784604073e+00 3.546781681478023529e+00
1.917398027237504957e-04 2.860090853646397591e+00 3.546781681478023529e+00
1.917398027237504957e-04 4.530947433784604073e+00 1.667041927576065063e+00
1.917398027237504957e-04 4.530947433784604073e+00 3.546781681478023529e+00
