nbr_apoptosis	mean_pos_apop	epi_size	cell_definitions/cell_definition/phenotype/death/model/death_rate_epi_inter___	cell_rule_2_5	cell_rule_2_6
1.900000e+02	-2.766914e+01	3.757055e+01	8.507349e-04	5.588196e+00	2.450870e+00
1.660000e+02	-1.770324e+01	9.683351e+01	3.651856e-04	5.588196e+00	2.450870e+00
3.400000e+01	5.710415e+00	1.794095e+02	8.507349e-04	8.396728e-01	2.450870e+00
1.710000e+02	-3.180759e+01	3.836489e+01	8.507349e-04	5.588196e+00	3.242810e+00
1.200000e+01	-6.568173e+01	1.884974e+02	8.507349e-04	8.396728e-01	3.242810e+00
1.650000e+02	-1.303134e+01	8.967762e+01	3.651856e-04	5.588196e+00	3.242810e+00
1.000000e+01	2.899619e+01	1.871428e+02	3.651856e-04	8.396728e-01	2.450870e+00
4.000000e+00	-4.970976e+01	1.953652e+02	3.651856e-04	8.396728e-01	3.242810e+00
4.000000e+00	-6.223399e+01	1.932794e+02	4.843469e-04	8.269146e-01	3.578056e+00
3.000000e+00	-3.274594e+01	1.947367e+02	6.036455e-04	8.269146e-01	3.578056e+00
1.670000e+02	-1.820048e+01	6.974599e+01	4.843469e-04	3.549782e+00	3.578056e+00
1.600000e+01	-8.613676e+00	1.890086e+02	4.843469e-04	8.269146e-01	2.056363e+00
1.530000e+02	-2.538218e+01	1.007136e+02	4.843469e-04	3.549782e+00	2.056363e+00
2.700000e+01	1.834105e+01	1.860753e+02	6.036455e-04	8.269146e-01	2.056363e+00
1.770000e+02	-1.740002e+01	5.672555e+01	6.036455e-04	3.549782e+00	3.578056e+00
1.700000e+02	-2.594617e+01	6.122780e+01	6.036455e-04	3.549782e+00	2.056363e+00
1.280000e+02	-8.049077e+00	1.484977e+02	2.217708e-04	4.498445e+00	1.782941e+00
3.800000e+01	-2.001976e+01	1.757539e+02	4.763531e-05	4.498445e+00	1.782941e+00
1.320000e+02	-9.763763e+00	1.562460e+02	2.217708e-04	4.950455e+00	1.782941e+00
1.060000e+02	-6.686183e+00	1.515200e+02	2.217708e-04	4.498445e+00	1.313697e+00
1.390000e+02	-1.485827e+01	1.506264e+02	2.217708e-04	4.950455e+00	1.313697e+00
3.700000e+01	-1.308010e+01	1.839085e+02	4.763531e-05	4.498445e+00	1.313697e+00
2.800000e+01	1.155077e+01	1.835702e+02	4.763531e-05	4.950455e+00	1.782941e+00
4.500000e+01	2.657851e+01	1.824117e+02	4.763531e-05	4.950455e+00	1.313697e+00
1.340000e+02	-4.152929e+01	1.479163e+02	6.056389e-04	2.690288e+00	4.160056e+00
1.480000e+02	-2.580467e+01	1.174728e+02	8.002327e-04	2.690288e+00	4.160056e+00
8.100000e+01	-4.631445e+01	1.539659e+02	6.056389e-04	2.428554e+00	4.160056e+00
1.300000e+02	-2.585362e+01	1.572237e+02	6.056389e-04	2.690288e+00	4.375174e+00
9.800000e+01	-1.233596e+01	1.475441e+02	6.056389e-04	2.428554e+00	4.375174e+00
1.620000e+02	-2.531828e+01	1.171104e+02	8.002327e-04	2.690288e+00	4.375174e+00
1.100000e+02	-2.709887e+01	1.484905e+02	8.002327e-04	2.428554e+00	4.160056e+00
1.170000e+02	4.016371e-01	1.409914e+02	8.002327e-04	2.428554e+00	4.375174e+00
1.550000e+02	-1.785854e+01	8.985866e+01	7.354795e-04	3.218978e+00	3.204091e+00
1.880000e+02	-1.746921e+01	4.258880e+01	9.352248e-04	3.218978e+00	3.204091e+00
9.700000e+01	-3.633242e+00	1.538069e+02	7.354795e-04	1.841818e+00	3.204091e+00
1.530000e+02	-3.067092e+01	8.479904e+01	7.354795e-04	3.218978e+00	3.584126e+00
6.800000e+01	-1.831684e+01	1.587180e+02	7.354795e-04	1.841818e+00	3.584126e+00
1.740000e+02	-1.945863e+01	4.437411e+01	9.352248e-04	3.218978e+00	3.584126e+00
1.190000e+02	-3.195312e+01	1.534191e+02	9.352248e-04	1.841818e+00	3.204091e+00
8.100000e+01	-9.206975e+00	1.525902e+02	9.352248e-04	1.841818e+00	3.584126e+00
1.000000e+01	2.899619e+01	1.871428e+02	1.193606e-04	1.604169e+00	2.830703e+00
1.600000e+01	6.265316e+00	1.842316e+02	1.584818e-04	1.604169e+00	2.830703e+00
8.900000e+01	-1.572009e+01	1.458305e+02	1.193606e-04	5.864129e+00	2.830703e+00
1.500000e+01	-1.516042e+01	1.870922e+02	1.193606e-04	1.604169e+00	2.647648e+00
9.400000e+01	6.240537e-01	1.568892e+02	1.193606e-04	5.864129e+00	2.647648e+00
1.300000e+01	4.423616e+01	1.859929e+02	1.584818e-04	1.604169e+00	2.647648e+00
1.180000e+02	-4.726531e+00	1.671700e+02	1.584818e-04	5.864129e+00	2.830703e+00
1.150000e+02	-1.684233e+01	1.532561e+02	1.584818e-04	5.864129e+00	2.647648e+00
1.600000e+02	-1.469008e+01	1.044568e+02	3.643159e-04	5.082167e+00	4.559535e+00
1.840000e+02	-2.698798e+01	4.287002e+01	7.259644e-04	5.082167e+00	4.559535e+00
1.530000e+02	-1.743244e+01	9.732831e+01	3.643159e-04	4.464736e+00	4.559535e+00
1.500000e+02	-1.665676e+01	1.090765e+02	3.643159e-04	5.082167e+00	1.984130e+00
1.640000e+02	-1.789172e+01	1.068136e+02	3.643159e-04	4.464736e+00	1.984130e+00
1.750000e+02	-2.441937e+01	4.195504e+01	7.259644e-04	5.082167e+00	1.984130e+00
1.760000e+02	-2.555142e+01	4.597706e+01	7.259644e-04	4.464736e+00	4.559535e+00
1.910000e+02	-2.253654e+01	4.544321e+01	7.259644e-04	4.464736e+00	1.984130e+00
7.300000e+01	2.733525e+00	1.659385e+02	9.979531e-04	5.142335e-01	1.436188e+00
3.100000e+01	-5.099823e+00	1.806380e+02	4.965290e-04	5.142335e-01	1.436188e+00
1.500000e+01	-1.496836e+01	1.871482e+02	9.979531e-04	2.542140e-01	1.436188e+00
0.000000e+00		1.958478e+02	9.979531e-04	5.142335e-01	4.795576e+00
0.000000e+00		1.961222e+02	9.979531e-04	2.542140e-01	4.795576e+00
0.000000e+00		1.958478e+02	4.965290e-04	5.142335e-01	4.795576e+00
1.200000e+01	3.443962e+01	1.893573e+02	4.965290e-04	2.542140e-01	1.436188e+00
0.000000e+00		1.958478e+02	4.965290e-04	2.542140e-01	4.795576e+00
1.680000e+02	-2.141440e+01	3.980132e+01	9.346757e-04	3.766209e+00	4.867396e+00
9.000000e+01	-1.636414e+01	1.510701e+02	2.113666e-04	3.766209e+00	4.867396e+00
1.900000e+02	-2.731885e+01	4.598907e+01	9.346757e-04	3.286149e+00	4.867396e+00
1.800000e+02	-2.942536e+01	4.191661e+01	9.346757e-04	3.766209e+00	4.161128e+00
1.750000e+02	-2.873467e+01	4.490254e+01	9.346757e-04	3.286149e+00	4.161128e+00
1.100000e+02	-2.388108e+01	1.553638e+02	2.113666e-04	3.766209e+00	4.161128e+00
8.200000e+01	1.347787e+00	1.607811e+02	2.113666e-04	3.286149e+00	4.867396e+00
8.900000e+01	-8.564705e+00	1.577403e+02	2.113666e-04	3.286149e+00	4.161128e+00
1.340000e+02	-1.842640e+01	1.392374e+02	3.019865e-04	2.568518e+00	1.244538e+00
1.650000e+02	-2.209422e+01	3.836904e+01	9.486261e-04	2.568518e+00	1.244538e+00
6.800000e+01	-1.630814e+01	1.583173e+02	3.019865e-04	1.326039e+00	1.244538e+00
1.270000e+02	-7.795897e+00	1.416332e+02	3.019865e-04	2.568518e+00	1.099529e+00
9.000000e+01	-2.033974e+01	1.583945e+02	3.019865e-04	1.326039e+00	1.099529e+00
1.730000e+02	-3.383325e+01	4.232330e+01	9.486261e-04	2.568518e+00	1.099529e+00
1.790000e+02	-2.408288e+01	8.529780e+01	9.486261e-04	1.326039e+00	1.244538e+00
1.680000e+02	-2.786770e+01	8.006400e+01	9.486261e-04	1.326039e+00	1.099529e+00
5.300000e+01	-6.724901e+00	1.721164e+02	5.733328e-05	5.652837e+00	3.394765e+00
1.660000e+02	-2.858923e+01	8.070100e+01	3.884307e-04	5.652837e+00	3.394765e+00
1.100000e+01	-5.408799e+01	1.970265e+02	5.733328e-05	2.926653e+00	3.394765e+00
5.500000e+01	1.491901e+01	1.735691e+02	5.733328e-05	5.652837e+00	2.278703e+00
1.500000e+01	-3.002559e+01	1.908074e+02	5.733328e-05	2.926653e+00	2.278703e+00
1.760000e+02	-1.897070e+01	8.323333e+01	3.884307e-04	5.652837e+00	2.278703e+00
1.420000e+02	-3.709392e+01	1.453764e+02	3.884307e-04	2.926653e+00	3.394765e+00
1.400000e+02	-4.318198e+00	1.140896e+02	3.884307e-04	2.926653e+00	2.278703e+00
5.900000e+01	-3.962115e+01	1.666068e+02	6.723880e-04	1.408271e+00	2.521865e+00
7.000000e+01	-1.750171e+01	1.640846e+02	6.427789e-04	1.408271e+00	2.521865e+00
1.690000e+02	-1.199718e+01	3.384953e+01	6.723880e-04	4.698555e+00	2.521865e+00
3.600000e+01	-2.373143e+01	1.782135e+02	6.723880e-04	1.408271e+00	3.465273e+00
1.640000e+02	-1.775460e+01	7.332236e+01	6.723880e-04	4.698555e+00	3.465273e+00
2.400000e+01	1.736222e+01	1.765461e+02	6.427789e-04	1.408271e+00	3.465273e+00
1.530000e+02	-2.157833e+01	5.429550e+01	6.427789e-04	4.698555e+00	2.521865e+00
1.720000e+02	-1.859758e+01	5.406278e+01	6.427789e-04	4.698555e+00	3.465273e+00
1.650000e+02	-1.747854e+01	6.766483e+01	5.426093e-04	4.676593e+00	1.599104e+00
1.540000e+02	-1.800121e+01	1.087774e+02	5.311995e-04	4.676593e+00	1.599104e+00
1.650000e+02	-2.404697e+01	5.729021e+01	5.426093e-04	5.284009e+00	1.599104e+00
1.690000e+02	-1.474228e+01	5.575537e+01	5.426093e-04	4.676593e+00	4.510226e+00
1.810000e+02	-1.784989e+01	5.551300e+01	5.426093e-04	5.284009e+00	4.510226e+00
1.730000e+02	-2.153212e+01	5.656887e+01	5.311995e-04	4.676593e+00	4.510226e+00
1.540000e+02	-2.776858e+01	9.178600e+01	5.311995e-04	5.284009e+00	1.599104e+00
1.610000e+02	-2.746969e+01	4.209608e+01	5.311995e-04	5.284009e+00	4.510226e+00
0.000000e+00		1.958478e+02	1.596815e-04	2.503748e-01	4.475729e+00
0.000000e+00		1.961222e+02	2.541686e-04	2.503748e-01	4.475729e+00
1.000000e+01	-6.928910e+01	1.953825e+02	1.596815e-04	2.011698e+00	4.475729e+00
4.000000e+00	-3.131975e+01	1.923237e+02	1.596815e-04	2.503748e-01	1.698658e+00
4.500000e+01	-3.569206e+01	1.739621e+02	1.596815e-04	2.011698e+00	1.698658e+00
6.000000e+00	-2.280496e+01	1.906624e+02	2.541686e-04	2.503748e-01	1.698658e+00
1.500000e+01	-5.664578e+01	1.746867e+02	2.541686e-04	2.011698e+00	4.475729e+00
8.300000e+01	-1.613268e+01	1.546959e+02	2.541686e-04	2.011698e+00	1.698658e+00
1.570000e+02	-2.326268e+01	1.165018e+02	4.220795e-04	3.516528e+00	2.134220e+00
1.840000e+02	-2.312417e+01	4.295923e+01	8.185047e-04	3.516528e+00	2.134220e+00
7.000000e+00	9.448284e+00	1.928003e+02	4.220795e-04	4.123667e-01	2.134220e+00
1.540000e+02	-2.645218e+00	9.593561e+01	4.220795e-04	3.516528e+00	2.925668e+00
0.000000e+00		1.961345e+02	4.220795e-04	4.123667e-01	2.925668e+00
1.820000e+02	-1.733931e+01	3.937904e+01	8.185047e-04	3.516528e+00	2.925668e+00
1.200000e+01	2.963950e+01	1.881574e+02	8.185047e-04	4.123667e-01	2.134220e+00
4.000000e+00	2.904461e+01	1.962295e+02	8.185047e-04	4.123667e-01	2.925668e+00
1.040000e+02	-3.130893e+01	1.502367e+02	7.873957e-04	2.137185e+00	3.760918e+00
8.000000e+00	-7.085612e+01	1.901762e+02	8.783032e-05	2.137185e+00	3.760918e+00
1.750000e+02	-3.013698e+01	4.492719e+01	7.873957e-04	3.872889e+00	3.760918e+00
8.200000e+01	-1.588051e+01	1.409497e+02	7.873957e-04	2.137185e+00	3.862268e+00
1.610000e+02	-2.154634e+01	5.971146e+01	7.873957e-04	3.872889e+00	3.862268e+00
8.000000e+00	-6.646596e+01	1.907283e+02	8.783032e-05	2.137185e+00	3.862268e+00
4.500000e+01	-3.555293e+01	1.765107e+02	8.783032e-05	3.872889e+00	3.760918e+00
4.500000e+01	-3.555293e+01	1.765107e+02	8.783032e-05	3.872889e+00	3.862268e+00
1.880000e+02	-1.395328e+01	4.261204e+01	7.739838e-04	3.615664e+00	1.109113e+00
1.690000e+02	-1.910477e+01	7.509386e+01	6.971922e-04	3.615664e+00	1.109113e+00
1.700000e+02	-1.813913e+01	5.494869e+01	7.739838e-04	2.471888e+00	1.109113e+00
1.760000e+02	-2.786587e+01	5.328885e+01	7.739838e-04	3.615664e+00	1.615814e+00
1.550000e+02	-1.729054e+01	4.563246e+01	7.739838e-04	2.471888e+00	1.615814e+00
1.640000e+02	-2.404131e+01	3.522920e+01	6.971922e-04	3.615664e+00	1.615814e+00
1.750000e+02	-1.738636e+01	6.266998e+01	6.971922e-04	2.471888e+00	1.109113e+00
1.660000e+02	-2.750291e+01	7.136968e+01	6.971922e-04	2.471888e+00	1.615814e+00
2.900000e+01	-6.352510e+01	1.827079e+02	3.930534e-04	2.048097e+00	4.982322e+00
2.700000e+01	-4.934606e+00	1.784139e+02	4.589609e-04	2.048097e+00	4.982322e+00
1.500000e+02	-3.313543e+01	8.674714e+01	3.930534e-04	5.198913e+00	4.982322e+00
2.700000e+01	2.660925e+01	1.773279e+02	3.930534e-04	2.048097e+00	4.679246e+00
1.500000e+02	-3.313543e+01	8.674714e+01	3.930534e-04	5.198913e+00	4.679246e+00
3.100000e+01	-6.461596e+01	1.846475e+02	4.589609e-04	2.048097e+00	4.679246e+00
1.540000e+02	-2.249458e+01	6.410171e+01	4.589609e-04	5.198913e+00	4.982322e+00
1.660000e+02	-1.370094e+01	5.646799e+01	4.589609e-04	5.198913e+00	4.679246e+00
1.030000e+02	-1.145887e+01	1.435788e+02	1.540743e-04	4.775912e+00	2.628604e+00
1.770000e+02	-2.883505e+01	4.104392e+01	8.937699e-04	4.775912e+00	2.628604e+00
9.500000e+01	-2.297777e+01	1.590318e+02	1.540743e-04	3.600289e+00	2.628604e+00
9.800000e+01	-1.491723e+01	1.506002e+02	1.540743e-04	4.775912e+00	3.952158e+00
6.200000e+01	-1.611294e+01	1.736916e+02	1.540743e-04	3.600289e+00	3.952158e+00
1.550000e+02	-2.892862e+01	3.915712e+01	8.937699e-04	4.775912e+00	3.952158e+00
1.770000e+02	-2.757829e+01	4.434891e+01	8.937699e-04	3.600289e+00	2.628604e+00
1.960000e+02	-2.546861e+01	3.993846e+01	8.937699e-04	3.600289e+00	3.952158e+00
0.000000e+00		1.978016e+02	5.213878e-04	1.614696e-01	3.251885e+00
0.000000e+00		1.953393e+02	1.414011e-04	1.614696e-01	3.251885e+00
1.200000e+01	-6.734856e+01	1.857639e+02	5.213878e-04	1.060056e+00	3.251885e+00
0.000000e+00		1.952812e+02	5.213878e-04	1.614696e-01	2.763759e+00
1.600000e+01	5.710415e+00	1.882483e+02	5.213878e-04	1.060056e+00	2.763759e+00
0.000000e+00		1.978016e+02	1.414011e-04	1.614696e-01	2.763759e+00
4.000000e+00	-6.223399e+01	1.932794e+02	1.414011e-04	1.060056e+00	3.251885e+00
9.000000e+00	9.448284e+00	1.929035e+02	1.414011e-04	1.060056e+00	2.763759e+00
1.660000e+02	-2.176427e+01	6.018591e+01	6.394606e-04	5.941166e+00	4.362270e+00
4.000000e+00	-3.131975e+01	1.923237e+02	2.263246e-06	5.941166e+00	4.362270e+00
0.000000e+00		1.961345e+02	6.394606e-04	9.827203e-02	4.362270e+00
1.660000e+02	-2.922202e+01	6.920062e+01	6.394606e-04	5.941166e+00	1.211052e+00
1.100000e+01	-3.911343e+01	1.934110e+02	6.394606e-04	9.827203e-02	1.211052e+00
0.000000e+00		1.952703e+02	2.263246e-06	5.941166e+00	1.211052e+00
0.000000e+00		1.978016e+02	2.263246e-06	9.827203e-02	4.362270e+00
0.000000e+00		1.961222e+02	2.263246e-06	9.827203e-02	1.211052e+00
0.000000e+00		1.988134e+02	8.799240e-06	1.133376e+00	1.735016e+00
1.240000e+02	-1.854229e+01	1.448384e+02	7.792654e-04	1.133376e+00	1.735016e+00
7.000000e+00	2.663388e+01	1.952441e+02	8.799240e-06	4.138827e+00	1.735016e+00
0.000000e+00		1.952812e+02	8.799240e-06	1.133376e+00	4.024453e+00
7.000000e+00	-4.867111e+01	1.937039e+02	8.799240e-06	4.138827e+00	4.024453e+00
1.100000e+01	-7.048603e+01	1.820479e+02	7.792654e-04	1.133376e+00	4.024453e+00
1.880000e+02	-2.486332e+01	5.985413e+01	7.792654e-04	4.138827e+00	1.735016e+00
1.520000e+02	-1.732131e+01	3.828302e+01	7.792654e-04	4.138827e+00	4.024453e+00
1.300000e+02	-1.186830e+01	1.474782e+02	2.612544e-04	4.054357e+00	3.905263e+00
1.640000e+02	-1.538791e+01	1.215361e+02	3.403010e-04	4.054357e+00	3.905263e+00
1.370000e+02	-3.122163e+01	1.304152e+02	2.612544e-04	5.738729e+00	3.905263e+00
1.360000e+02	-1.588240e+01	1.284739e+02	2.612544e-04	4.054357e+00	3.345232e+00
1.640000e+02	-2.238886e+01	1.394168e+02	2.612544e-04	5.738729e+00	3.345232e+00
1.460000e+02	-5.221310e+00	1.201163e+02	3.403010e-04	4.054357e+00	3.345232e+00
1.710000e+02	-1.877572e+01	9.422199e+01	3.403010e-04	5.738729e+00	3.905263e+00
1.630000e+02	-1.823338e+01	8.585129e+01	3.403010e-04	5.738729e+00	3.345232e+00
1.650000e+02	-2.603078e+01	5.130394e+01	8.783370e-04	2.293442e+00	2.027968e+00
1.510000e+02	-2.175493e+01	1.218715e+02	5.699955e-04	2.293442e+00	2.027968e+00
1.480000e+02	-2.607004e+01	1.389962e+02	8.783370e-04	1.511385e+00	2.027968e+00
1.730000e+02	-2.436687e+01	6.530705e+01	8.783370e-04	2.293442e+00	2.406802e+00
1.220000e+02	-1.689151e+01	1.388006e+02	8.783370e-04	1.511385e+00	2.406802e+00
1.480000e+02	-1.952552e+01	1.296821e+02	5.699955e-04	2.293442e+00	2.406802e+00
9.500000e+01	-3.045552e+01	1.473148e+02	5.699955e-04	1.511385e+00	2.027968e+00
6.500000e+01	-1.747431e+01	1.648553e+02	5.699955e-04	1.511385e+00	2.406802e+00
1.710000e+02	-2.191605e+01	4.194876e+01	9.411237e-04	4.983009e+00	3.713125e+00
1.780000e+02	-1.469626e+01	3.810309e+01	8.550661e-04	4.983009e+00	3.713125e+00
1.860000e+02	-3.028046e+01	4.270110e+01	9.411237e-04	4.653938e+00	3.713125e+00
1.640000e+02	-3.206210e+01	4.609725e+01	9.411237e-04	4.983009e+00	2.541771e+00
1.730000e+02	-2.668308e+01	4.394850e+01	9.411237e-04	4.653938e+00	2.541771e+00
1.710000e+02	-2.310731e+01	3.495253e+01	8.550661e-04	4.983009e+00	2.541771e+00
1.760000e+02	-2.158865e+01	3.979525e+01	8.550661e-04	4.653938e+00	3.713125e+00
1.630000e+02	-2.468941e+01	4.303927e+01	8.550661e-04	4.653938e+00	2.541771e+00
5.000000e+00	3.496189e+01	1.934842e+02	3.230989e-04	6.032989e-01	2.336317e+00
4.000000e+00	-3.131975e+01	1.923237e+02	1.176084e-04	6.032989e-01	2.336317e+00
1.090000e+02	-3.559009e+00	1.462388e+02	3.230989e-04	2.676914e+00	2.336317e+00
0.000000e+00		1.958478e+02	3.230989e-04	6.032989e-01	3.730293e+00
7.700000e+01	-2.173212e+01	1.573798e+02	3.230989e-04	2.676914e+00	3.730293e+00
0.000000e+00		1.958478e+02	1.176084e-04	6.032989e-01	3.730293e+00
3.900000e+01	-7.347419e+00	1.732026e+02	1.176084e-04	2.676914e+00	2.336317e+00
3.000000e+01	-4.307358e+01	1.750651e+02	1.176084e-04	2.676914e+00	3.730293e+00
1.100000e+01	-4.094810e+01	1.877021e+02	7.033593e-05	3.119636e+00	4.052944e+00
1.520000e+02	-2.454719e+01	1.243341e+02	5.492246e-04	3.119636e+00	4.052944e+00
1.000000e+00	-6.667359e+01	1.935319e+02	7.033593e-05	1.276814e+00	4.052944e+00
9.000000e+00	-6.639730e+01	1.923405e+02	7.033593e-05	3.119636e+00	4.893919e+00
0.000000e+00		1.958478e+02	7.033593e-05	1.276814e+00	4.893919e+00
1.440000e+02	-1.407931e+01	1.284410e+02	5.492246e-04	3.119636e+00	4.893919e+00
1.100000e+01	-7.791785e+01	1.853034e+02	5.492246e-04	1.276814e+00	4.052944e+00
1.000000e+01	-7.628529e+01	1.861346e+02	5.492246e-04	1.276814e+00	4.893919e+00
1.470000e+02	-9.956631e+00	1.140979e+02	7.020672e-04	1.693051e+00	1.926178e+00
6.000000e+01	-2.354850e+01	1.657916e+02	2.946782e-04	1.693051e+00	1.926178e+00
1.740000e+02	-2.208255e+01	5.226638e+01	7.020672e-04	3.067047e+00	1.926178e+00
1.580000e+02	-1.913013e+01	1.022836e+02	7.020672e-04	1.693051e+00	1.830366e+00
1.600000e+02	-2.926970e+01	7.875709e+01	7.020672e-04	3.067047e+00	1.830366e+00
7.000000e+01	-9.924469e+00	1.590294e+02	2.946782e-04	1.693051e+00	1.830366e+00
1.420000e+02	-1.639271e+01	1.476492e+02	2.946782e-04	3.067047e+00	1.926178e+00
1.180000e+02	-1.383707e+01	1.479585e+02	2.946782e-04	3.067047e+00	1.830366e+00
1.640000e+02	-2.140003e+01	6.153282e+01	5.839344e-04	4.210183e+00	2.944766e+00
1.740000e+02	-1.723662e+01	1.022284e+02	4.104043e-04	4.210183e+00	2.944766e+00
1.720000e+02	-2.443565e+01	6.290865e+01	5.839344e-04	4.027549e+00	2.944766e+00
1.640000e+02	-1.668866e+01	9.253395e+01	5.839344e-04	4.210183e+00	2.129165e+00
1.600000e+02	-2.842412e+01	5.746402e+01	5.839344e-04	4.027549e+00	2.129165e+00
1.620000e+02	-1.859803e+01	7.456174e+01	4.104043e-04	4.210183e+00	2.129165e+00
1.720000e+02	-1.163301e+01	1.024478e+02	4.104043e-04	4.027549e+00	2.944766e+00
1.540000e+02	-2.609877e+01	7.131594e+01	4.104043e-04	4.027549e+00	2.129165e+00
6.700000e+01	-1.982619e+01	1.576304e+02	2.156711e-04	2.965250e+00	3.067559e+00
1.600000e+02	-2.786167e+01	6.800792e+01	6.871456e-04	2.965250e+00	3.067559e+00
1.000000e+00	-6.667359e+01	1.935362e+02	2.156711e-04	7.369944e-01	3.067559e+00
6.700000e+01	-1.982619e+01	1.576304e+02	2.156711e-04	2.965250e+00	3.067718e+00
1.000000e+00	-6.667359e+01	1.935319e+02	2.156711e-04	7.369944e-01	3.067718e+00
1.600000e+02	-2.786167e+01	6.800792e+01	6.871456e-04	2.965250e+00	3.067718e+00
7.000000e+00	-7.022952e+01	1.894589e+02	6.871456e-04	7.369944e-01	3.067559e+00
4.000000e+00	-3.391718e+00	1.927970e+02	6.871456e-04	7.369944e-01	3.067718e+00
1.750000e+02	-1.585126e+01	7.801131e+01	4.548378e-04	5.300119e+00	1.292463e+00
1.360000e+02	-2.436060e+01	1.529231e+02	2.440717e-04	5.300119e+00	1.292463e+00
1.520000e+02	-1.639652e+01	1.054860e+02	4.548378e-04	2.138380e+00	1.292463e+00
1.650000e+02	-1.792968e+01	9.236068e+01	4.548378e-04	5.300119e+00	4.310400e+00
5.100000e+01	-5.247659e+01	1.651383e+02	4.548378e-04	2.138380e+00	4.310400e+00
1.480000e+02	-1.639824e+01	1.176178e+02	2.440717e-04	5.300119e+00	4.310400e+00
9.200000e+01	-3.314142e+00	1.592481e+02	2.440717e-04	2.138380e+00	1.292463e+00
2.800000e+01	3.945632e+01	1.786152e+02	2.440717e-04	2.138380e+00	4.310400e+00
1.000000e+01	-7.628529e+01	1.861346e+02	8.368305e-04	1.102062e+00	4.665183e+00
8.000000e+00	-7.628529e+01	1.861946e+02	9.744565e-04	1.102062e+00	4.665183e+00
1.750000e+02	-3.294506e+01	4.033996e+01	8.368305e-04	5.615723e+00	4.665183e+00
1.350000e+02	-5.005530e+00	1.490620e+02	8.368305e-04	1.102062e+00	1.496877e+00
1.830000e+02	-3.141747e+01	4.441000e+01	8.368305e-04	5.615723e+00	1.496877e+00
1.690000e+02	-2.631048e+01	1.099890e+02	9.744565e-04	1.102062e+00	1.496877e+00
1.730000e+02	-3.021017e+01	4.006710e+01	9.744565e-04	5.615723e+00	4.665183e+00
1.760000e+02	-2.028507e+01	4.405314e+01	9.744565e-04	5.615723e+00	1.496877e+00
1.720000e+02	-3.316265e+01	5.472792e+01	8.245641e-04	4.392758e+00	3.452730e+00
1.540000e+02	-1.952846e+01	6.177952e+01	5.815908e-04	4.392758e+00	3.452730e+00
0.000000e+00		1.961222e+02	8.245641e-04	3.072383e-01	3.452730e+00
1.760000e+02	-3.028224e+01	4.236475e+01	8.245641e-04	4.392758e+00	1.792518e+00
1.400000e+01	3.443962e+01	1.889555e+02	8.245641e-04	3.072383e-01	1.792518e+00
1.740000e+02	-1.321198e+01	6.075118e+01	5.815908e-04	4.392758e+00	1.792518e+00
0.000000e+00		1.928214e+02	5.815908e-04	3.072383e-01	3.452730e+00
8.000000e+00	1.232204e+01	1.890040e+02	5.815908e-04	3.072383e-01	1.792518e+00
1.530000e+02	-2.623464e+01	1.343991e+02	4.435608e-04	2.772468e+00	2.575953e+00
1.020000e+02	-1.809051e+01	1.484462e+02	3.287071e-04	2.772468e+00	2.575953e+00
1.570000e+02	-1.829814e+01	7.665022e+01	4.435608e-04	4.353310e+00	2.575953e+00
1.020000e+02	-1.710663e+01	1.449127e+02	4.435608e-04	2.772468e+00	4.979118e+00
1.710000e+02	-2.694108e+01	7.810806e+01	4.435608e-04	4.353310e+00	4.979118e+00
6.200000e+01	-3.125579e+01	1.655433e+02	3.287071e-04	2.772468e+00	4.979118e+00
1.590000e+02	-1.972833e+01	1.140925e+02	3.287071e-04	4.353310e+00	2.575953e+00
1.660000e+02	-1.863096e+01	1.208529e+02	3.287071e-04	4.353310e+00	4.979118e+00
1.370000e+02	-2.433372e+01	1.490118e+02	1.966972e-04	5.506131e+00	4.784743e+00
1.730000e+02	-2.328760e+01	4.256030e+01	7.596363e-04	5.506131e+00	4.784743e+00
1.520000e+02	-1.338808e+01	1.458381e+02	1.966972e-04	5.951707e+00	4.784743e+00
1.540000e+02	-1.083330e+01	1.296689e+02	1.966972e-04	5.506131e+00	3.642652e+00
1.490000e+02	-1.670457e+01	1.341955e+02	1.966972e-04	5.951707e+00	3.642652e+00
1.760000e+02	-2.307164e+01	5.541180e+01	7.596363e-04	5.506131e+00	3.642652e+00
1.600000e+02	-3.418732e+01	5.577101e+01	7.596363e-04	5.951707e+00	4.784743e+00
1.680000e+02	-2.232875e+01	3.988258e+01	7.596363e-04	5.951707e+00	3.642652e+00
9.300000e+01	5.654725e-01	1.560934e+02	5.639988e-04	9.327154e-01	1.158009e+00
4.000000e+00	-6.335631e-01	1.952812e+02	2.189001e-05	9.327154e-01	1.158009e+00
1.560000e+02	-2.411696e+01	1.159931e+02	5.639988e-04	1.718892e+00	1.158009e+00
1.600000e+01	-5.505780e+01	1.848824e+02	5.639988e-04	9.327154e-01	2.581083e+00
9.000000e+01	-2.072627e+01	1.557983e+02	5.639988e-04	1.718892e+00	2.581083e+00
0.000000e+00		1.978016e+02	2.189001e-05	9.327154e-01	2.581083e+00
7.000000e+00	-5.444013e+01	1.947172e+02	2.189001e-05	1.718892e+00	1.158009e+00
1.000000e+00	-6.667359e+01	1.935581e+02	2.189001e-05	1.718892e+00	2.581083e+00
1.850000e+02	-2.409048e+01	4.328129e+01	7.132377e-04	5.164072e+00	2.205894e+00
1.020000e+02	-5.292533e+00	1.521869e+02	1.529817e-04	5.164072e+00	2.205894e+00
1.580000e+02	-1.519449e+01	9.120709e+01	7.132377e-04	2.258527e+00	2.205894e+00
1.810000e+02	-1.741389e+01	3.838838e+01	7.132377e-04	5.164072e+00	1.379943e+00
1.710000e+02	-1.718616e+01	6.880156e+01	7.132377e-04	2.258527e+00	1.379943e+00
1.150000e+02	-2.442103e+01	1.534618e+02	1.529817e-04	5.164072e+00	1.379943e+00
5.600000e+01	-5.366284e+00	1.761258e+02	1.529817e-04	2.258527e+00	2.205894e+00
6.700000e+01	-9.842097e+00	1.678804e+02	1.529817e-04	2.258527e+00	1.379943e+00
0.000000e+00		1.952812e+02	8.246539e-05	4.090049e-01	3.828656e+00
0.000000e+00		1.978016e+02	8.821917e-04	4.090049e-01	3.828656e+00
6.100000e+01	-2.204858e+01	1.638367e+02	8.246539e-05	4.991755e+00	3.828656e+00
0.000000e+00		1.952396e+02	8.246539e-05	4.090049e-01	4.316512e+00
6.000000e+01	-2.189696e+01	1.688583e+02	8.246539e-05	4.991755e+00	4.316512e+00
0.000000e+00		1.958478e+02	8.821917e-04	4.090049e-01	4.316512e+00
1.660000e+02	-2.002929e+01	3.710494e+01	8.821917e-04	4.991755e+00	3.828656e+00
1.670000e+02	-1.758672e+01	3.859975e+01	8.821917e-04	4.991755e+00	4.316512e+00
1.520000e+02	-1.995754e+01	1.453832e+02	3.431714e-04	3.324138e+00	1.561396e+00
1.500000e+02	-1.601153e+01	1.140131e+02	4.393170e-04	3.324138e+00	1.561396e+00
1.500000e+02	-2.842872e+01	1.398257e+02	3.431714e-04	3.391706e+00	1.561396e+00
1.400000e+02	-1.153539e+01	1.352431e+02	3.431714e-04	3.324138e+00	3.059164e+00
1.470000e+02	-1.539349e+01	1.409281e+02	3.431714e-04	3.391706e+00	3.059164e+00
1.640000e+02	-1.826214e+01	1.349689e+02	4.393170e-04	3.324138e+00	3.059164e+00
1.530000e+02	-2.259853e+01	1.368920e+02	4.393170e-04	3.391706e+00	1.561396e+00
1.680000e+02	-1.927173e+01	9.657563e+01	4.393170e-04	3.391706e+00	3.059164e+00
2.300000e+01	-6.882572e+01	1.793022e+02	9.602039e-04	1.522196e+00	4.434084e+00
1.500000e+01	-5.664578e+01	1.772575e+02	7.168347e-04	1.522196e+00	4.434084e+00
3.000000e+00	3.959015e+01	1.912410e+02	9.602039e-04	8.452245e-01	4.434084e+00
1.230000e+02	-6.751036e+00	1.226739e+02	9.602039e-04	1.522196e+00	2.247563e+00
3.100000e+01	4.368684e+00	1.707007e+02	9.602039e-04	8.452245e-01	2.247563e+00
9.300000e+01	-5.270065e+01	1.472073e+02	7.168347e-04	1.522196e+00	2.247563e+00
3.000000e+00	3.959015e+01	1.916404e+02	7.168347e-04	8.452245e-01	4.434084e+00
2.300000e+01	5.797745e+00	1.790404e+02	7.168347e-04	8.452245e-01	2.247563e+00
1.860000e+02	-2.038011e+01	3.835427e+01	8.983938e-04	5.758638e+00	1.869257e+00
1.870000e+02	-2.599571e+01	4.029314e+01	9.862957e-04	5.758638e+00	1.869257e+00
1.760000e+02	-3.116506e+01	4.192675e+01	8.983938e-04	3.820053e+00	1.869257e+00
1.790000e+02	-2.892482e+01	4.242257e+01	8.983938e-04	5.758638e+00	2.867020e+00
1.860000e+02	-1.837863e+01	3.916430e+01	8.983938e-04	3.820053e+00	2.867020e+00
1.770000e+02	-3.069031e+01	4.164563e+01	9.862957e-04	5.758638e+00	2.867020e+00
1.780000e+02	-2.937038e+01	4.460741e+01	9.862957e-04	3.820053e+00	1.869257e+00
1.730000e+02	-2.878387e+01	4.335221e+01	9.862957e-04	3.820053e+00	2.867020e+00
7.000000e+00	-7.048603e+01	1.863370e+02	2.803504e-04	1.326205e+00	4.242434e+00
4.000000e+00	-6.223399e+01	1.932794e+02	2.322339e-04	1.326205e+00	4.242434e+00
0.000000e+00		1.961345e+02	2.803504e-04	5.239825e-01	4.242434e+00
7.000000e+00	3.419073e-01	1.908182e+02	2.803504e-04	1.326205e+00	3.928468e+00
0.000000e+00		1.958478e+02	2.803504e-04	5.239825e-01	3.928468e+00
3.000000e+00	-6.667359e+01	1.945767e+02	2.322339e-04	1.326205e+00	3.928468e+00
0.000000e+00		1.958478e+02	2.322339e-04	5.239825e-01	4.242434e+00
0.000000e+00		1.953393e+02	2.322339e-04	5.239825e-01	3.928468e+00
9.000000e+00	-6.532875e+01	1.857694e+02	1.995403e-05	3.848390e+00	2.396568e+00
1.690000e+02	-1.474368e+01	5.053476e+01	6.677603e-04	3.848390e+00	2.396568e+00
1.000000e+00	-6.667359e+01	1.929881e+02	1.995403e-05	1.923932e+00	2.396568e+00
1.300000e+01	-3.406596e+01	1.895087e+02	1.995403e-05	3.848390e+00	4.701472e+00
1.000000e+00	-6.667359e+01	1.935362e+02	1.995403e-05	1.923932e+00	4.701472e+00
1.680000e+02	-1.416650e+01	6.184482e+01	6.677603e-04	3.848390e+00	4.701472e+00
1.350000e+02	-1.510646e+01	1.178399e+02	6.677603e-04	1.923932e+00	2.396568e+00
4.400000e+01	-6.077338e+01	1.675602e+02	6.677603e-04	1.923932e+00	4.701472e+00
1.440000e+02	-1.222048e+01	1.245572e+02	6.516057e-04	2.462832e+00	3.519817e+00
8.600000e+01	-1.181300e+01	1.482817e+02	4.297872e-04	2.462832e+00	3.519817e+00
1.640000e+02	-2.382708e+01	5.293302e+01	6.516057e-04	5.406746e+00	3.519817e+00
1.590000e+02	-2.103605e+01	9.234061e+01	6.516057e-04	2.462832e+00	1.514994e+00
1.780000e+02	-2.216847e+01	5.219837e+01	6.516057e-04	5.406746e+00	1.514994e+00
1.580000e+02	-1.756839e+01	9.721436e+01	4.297872e-04	2.462832e+00	1.514994e+00
1.610000e+02	-2.254993e+01	1.107126e+02	4.297872e-04	5.406746e+00	3.519817e+00
1.640000e+02	-2.273197e+01	1.204241e+02	4.297872e-04	5.406746e+00	1.514994e+00
1.650000e+02	-1.368554e+01	1.272060e+02	5.024288e-04	3.434554e+00	4.600906e+00
1.020000e+02	-2.866000e+01	1.518238e+02	3.065027e-04	3.434554e+00	4.600906e+00
1.640000e+02	-2.561099e+01	7.029100e+01	5.024288e-04	4.868758e+00	4.600906e+00
1.720000e+02	-1.763474e+01	7.926167e+01	5.024288e-04	3.434554e+00	2.462227e+00
1.670000e+02	-2.290014e+01	7.021822e+01	5.024288e-04	4.868758e+00	2.462227e+00
1.310000e+02	-5.260890e+00	1.319685e+02	3.065027e-04	3.434554e+00	2.462227e+00
1.630000e+02	-2.744944e+01	1.365283e+02	3.065027e-04	4.868758e+00	4.600906e+00
1.470000e+02	-7.680099e+00	1.283310e+02	3.065027e-04	4.868758e+00	2.462227e+00
4.600000e+01	3.672940e-01	1.682780e+02	1.341240e-04	2.242344e+00	1.473683e+00
1.610000e+02	-2.804342e+01	1.114057e+02	5.374025e-04	2.242344e+00	1.473683e+00
7.800000e+01	8.821713e+00	1.625999e+02	1.341240e-04	2.885531e+00	1.473683e+00
2.200000e+01	-1.650656e+01	1.861837e+02	1.341240e-04	2.242344e+00	3.273705e+00
4.500000e+01	2.602953e+01	1.755564e+02	1.341240e-04	2.885531e+00	3.273705e+00
8.900000e+01	-2.724256e+01	1.440888e+02	5.374025e-04	2.242344e+00	3.273705e+00
1.790000e+02	-2.370336e+01	4.513485e+01	5.374025e-04	2.885531e+00	1.473683e+00
1.580000e+02	-2.505347e+01	1.282017e+02	5.374025e-04	2.885531e+00	3.273705e+00
1.730000e+02	-2.367127e+01	9.042353e+01	3.808017e-04	4.571365e+00	3.136079e+00
6.800000e+01	-2.647804e+01	1.689204e+02	9.820838e-05	4.571365e+00	3.136079e+00
3.100000e+01	2.663388e+01	1.808456e+02	3.808017e-04	1.483938e+00	3.136079e+00
1.590000e+02	-2.172528e+01	7.210780e+01	3.808017e-04	4.571365e+00	4.094515e+00
1.700000e+01	-7.048603e+01	1.841801e+02	3.808017e-04	1.483938e+00	4.094515e+00
7.100000e+01	-1.282266e+01	1.684538e+02	9.820838e-05	4.571365e+00	4.094515e+00
7.000000e+00	-6.667359e+01	1.888771e+02	9.820838e-05	1.483938e+00	3.136079e+00
5.000000e+00	-6.190519e+01	1.930221e+02	9.820838e-05	1.483938e+00	4.094515e+00
0.000000e+00		1.958478e+02	7.626920e-04	3.322803e-01	2.758815e+00
4.000000e+00	2.904461e+01	1.962295e+02	8.744646e-04	3.322803e-01	2.758815e+00
1.770000e+02	-2.579259e+01	4.804341e+01	7.626920e-04	3.280419e+00	2.758815e+00
4.900000e+01	6.718677e+00	1.705811e+02	7.626920e-04	3.322803e-01	1.158068e+00
1.900000e+02	-2.349329e+01	3.833040e+01	7.626920e-04	3.280419e+00	1.158068e+00
6.600000e+01	-7.305798e-01	1.683998e+02	8.744646e-04	3.322803e-01	1.158068e+00
1.840000e+02	-2.069716e+01	4.225771e+01	8.744646e-04	3.280419e+00	2.758815e+00
1.680000e+02	-2.229962e+01	5.415997e+01	8.744646e-04	3.280419e+00	1.158068e+00
1.730000e+02	-2.247785e+01	4.327373e+01	7.995189e-04	4.857977e+00	4.107010e+00
1.770000e+02	-1.946513e+01	4.645976e+01	4.847046e-04	4.857977e+00	4.107010e+00
2.900000e+01	1.539113e+01	1.803506e+02	7.995189e-04	1.681569e+00	4.107010e+00
1.750000e+02	-2.564007e+01	4.515615e+01	7.995189e-04	4.857977e+00	3.411815e+00
5.000000e+01	-6.511790e+01	1.579871e+02	7.995189e-04	1.681569e+00	3.411815e+00
1.730000e+02	-2.319538e+01	8.394891e+01	4.847046e-04	4.857977e+00	3.411815e+00
2.500000e+01	-6.643418e+01	1.807412e+02	4.847046e-04	1.681569e+00	4.107010e+00
3.800000e+01	-5.177917e+01	1.707767e+02	4.847046e-04	1.681569e+00	3.411815e+00
0.000000e+00		1.958478e+02	4.332410e-04	5.566837e-02	1.984181e+00
0.000000e+00		1.978016e+02	7.377865e-04	5.566837e-02	1.984181e+00
1.740000e+02	-2.094985e+01	7.747572e+01	4.332410e-04	5.697632e+00	1.984181e+00
0.000000e+00		1.953393e+02	4.332410e-04	5.566837e-02	2.348293e+00
1.730000e+02	-1.826225e+01	6.960278e+01	4.332410e-04	5.697632e+00	2.348293e+00
0.000000e+00		1.952812e+02	7.377865e-04	5.566837e-02	2.348293e+00
1.790000e+02	-3.193218e+01	4.057100e+01	7.377865e-04	5.697632e+00	1.984181e+00
1.820000e+02	-2.862069e+01	4.331648e+01	7.377865e-04	5.697632e+00	2.348293e+00
8.300000e+01	-2.356776e+01	1.611798e+02	1.787556e-04	3.721351e+00	3.626558e+00
9.700000e+01	-1.026985e+01	1.580488e+02	1.778818e-04	3.721351e+00	3.626558e+00
1.070000e+02	-1.046108e+01	1.560348e+02	1.787556e-04	4.296791e+00	3.626558e+00
8.200000e+01	-2.231402e+00	1.556902e+02	1.787556e-04	3.721351e+00	1.027498e+00
9.700000e+01	-2.027539e+01	1.571573e+02	1.787556e-04	4.296791e+00	1.027498e+00
9.100000e+01	-3.877979e+00	1.561751e+02	1.778818e-04	3.721351e+00	1.027498e+00
9.500000e+01	-1.073502e+01	1.480932e+02	1.778818e-04	4.296791e+00	3.626558e+00
1.040000e+02	-8.776521e+00	1.543432e+02	1.778818e-04	4.296791e+00	1.027498e+00
1.220000e+02	-1.309741e+01	1.377592e+02	5.626728e-04	1.965917e+00	2.253687e+00
1.710000e+02	-1.567910e+01	1.019026e+02	9.158263e-04	1.965917e+00	2.253687e+00
0.000000e+00		1.953393e+02	5.626728e-04	9.247154e-02	2.253687e+00
4.000000e+01	-5.627041e+01	1.727899e+02	5.626728e-04	1.965917e+00	4.216051e+00
0.000000e+00		1.953393e+02	5.626728e-04	9.247154e-02	4.216051e+00
8.800000e+01	-1.007601e+01	1.516081e+02	9.158263e-04	1.965917e+00	4.216051e+00
0.000000e+00		1.928214e+02	9.158263e-04	9.247154e-02	2.253687e+00
0.000000e+00		1.952812e+02	9.158263e-04	9.247154e-02	4.216051e+00
1.670000e+02	-1.570231e+01	6.006447e+01	6.611200e-04	3.949197e+00	1.360223e+00
1.860000e+02	-2.946862e+01	3.890351e+01	7.883935e-04	3.949197e+00	1.360223e+00
1.010000e+02	-1.229990e+01	1.501807e+02	6.611200e-04	1.007246e+00	1.360223e+00
1.680000e+02	-1.750236e+01	7.684302e+01	6.611200e-04	3.949197e+00	3.760944e+00
9.000000e+00	-6.802353e+01	1.889182e+02	6.611200e-04	1.007246e+00	3.760944e+00
1.670000e+02	-2.094974e+01	4.096494e+01	7.883935e-04	3.949197e+00	3.760944e+00
1.410000e+02	-4.947248e+00	1.305809e+02	7.883935e-04	1.007246e+00	1.360223e+00
1.300000e+01	-7.449069e+01	1.849017e+02	7.883935e-04	1.007246e+00	3.760944e+00
3.000000e+00	1.202414e+01	1.945026e+02	4.507304e-05	2.375415e+00	4.736819e+00
7.000000e+00	3.419073e-01	1.908182e+02	5.947310e-05	2.375415e+00	4.736819e+00
1.000000e+01	-2.890586e+01	1.911708e+02	4.507304e-05	3.711884e+00	4.736819e+00
9.000000e+00	-7.366564e+00	1.919092e+02	4.507304e-05	2.375415e+00	2.947391e+00
2.000000e+01	1.450621e+01	1.855919e+02	4.507304e-05	3.711884e+00	2.947391e+00
1.100000e+01	2.663388e+01	1.884837e+02	5.947310e-05	2.375415e+00	2.947391e+00
3.300000e+01	-2.573975e+01	1.723279e+02	5.947310e-05	3.711884e+00	4.736819e+00
2.300000e+01	-9.959427e+00	1.807121e+02	5.947310e-05	3.711884e+00	2.947391e+00
1.500000e+02	-2.147472e+01	1.355595e+02	2.820600e-04	5.859261e+00	2.903159e+00
1.820000e+02	-3.003638e+01	4.221552e+01	6.230308e-04	5.859261e+00	2.903159e+00
1.540000e+02	-1.864528e+01	1.214899e+02	2.820600e-04	5.111075e+00	2.903159e+00
1.440000e+02	-7.389723e+00	1.092714e+02	2.820600e-04	5.859261e+00	1.674493e+00
1.620000e+02	-1.670312e+01	1.273371e+02	2.820600e-04	5.111075e+00	1.674493e+00
1.700000e+02	-2.354220e+01	4.839957e+01	6.230308e-04	5.859261e+00	1.674493e+00
1.650000e+02	-2.880651e+01	4.167159e+01	6.230308e-04	5.111075e+00	2.903159e+00
1.800000e+02	-2.107319e+01	4.261630e+01	6.230308e-04	5.111075e+00	1.674493e+00
4.000000e+01	-5.969013e+01	1.791283e+02	9.157082e-04	1.238605e+00	3.029828e+00
1.100000e+01	-4.757183e+01	1.880594e+02	3.458027e-04	1.238605e+00	3.029828e+00
1.820000e+02	-2.664586e+01	6.647659e+01	9.157082e-04	2.594691e+00	3.029828e+00
1.100000e+01	-5.733073e+01	1.871387e+02	9.157082e-04	1.238605e+00	4.613016e+00
1.160000e+02	-1.795375e+01	1.494980e+02	9.157082e-04	2.594691e+00	4.613016e+00
7.000000e+00	-7.048603e+01	1.863370e+02	3.458027e-04	1.238605e+00	4.613016e+00
1.150000e+02	-8.483019e+00	1.456696e+02	3.458027e-04	2.594691e+00	3.029828e+00
5.700000e+01	-3.495706e+01	1.666700e+02	3.458027e-04	2.594691e+00	4.613016e+00
1.780000e+02	-2.898621e+01	3.950214e+01	9.780108e-04	3.037455e+00	2.711021e+00
3.100000e+01	3.976496e+00	1.806624e+02	7.624977e-05	3.037455e+00	2.711021e+00
1.920000e+02	-1.581976e+01	4.458609e+01	9.780108e-04	5.445717e+00	2.711021e+00
1.760000e+02	-1.906622e+01	4.487197e+01	9.780108e-04	3.037455e+00	4.494077e+00
1.680000e+02	-3.040111e+01	4.275075e+01	9.780108e-04	5.445717e+00	4.494077e+00
1.500000e+01	-2.293805e+01	1.892941e+02	7.624977e-05	3.037455e+00	4.494077e+00
7.100000e+01	-4.977795e+00	1.706954e+02	7.624977e-05	5.445717e+00	2.711021e+00
6.500000e+01	-6.542991e+00	1.671400e+02	7.624977e-05	5.445717e+00	4.494077e+00
3.300000e+01	-3.681936e+00	1.818200e+02	3.453640e-04	1.798737e+00	3.338177e+00
6.500000e+01	8.140604e+00	1.544935e+02	8.300829e-04	1.798737e+00	3.338177e+00
5.100000e+01	-2.346901e+00	1.685122e+02	3.453640e-04	2.179654e+00	3.338177e+00
1.050000e+02	-1.361312e+01	1.469381e+02	3.453640e-04	1.798737e+00	1.305645e+00
1.140000e+02	-6.541055e+00	1.346021e+02	3.453640e-04	2.179654e+00	1.305645e+00
1.640000e+02	-3.015443e+01	7.414776e+01	8.300829e-04	1.798737e+00	1.305645e+00
1.290000e+02	-3.332829e+01	1.453322e+02	8.300829e-04	2.179654e+00	3.338177e+00
1.710000e+02	-1.813406e+01	4.601113e+01	8.300829e-04	2.179654e+00	1.305645e+00
9.100000e+01	-6.542991e+00	1.627235e+02	1.080770e-04	4.877209e+00	1.050897e+00
1.460000e+02	-1.492459e+01	1.395085e+02	2.738125e-04	4.877209e+00	1.050897e+00
1.200000e+01	1.315654e+01	1.914982e+02	1.080770e-04	5.788522e-01	1.050897e+00
8.400000e+01	-2.008093e+01	1.635888e+02	1.080770e-04	4.877209e+00	2.062949e+00
4.000000e+00	-3.131975e+01	1.923237e+02	1.080770e-04	5.788522e-01	2.062949e+00
1.580000e+02	-1.536791e+01	1.147310e+02	2.738125e-04	4.877209e+00	2.062949e+00
4.500000e+01	-1.024194e+01	1.749740e+02	2.738125e-04	5.788522e-01	1.050897e+00
1.000000e+01	1.002831e+01	1.880932e+02	2.738125e-04	5.788522e-01	2.062949e+00
0.000000e+00		1.958478e+02	7.232350e-04	6.853651e-01	4.927981e+00
0.000000e+00		1.958478e+02	5.115570e-04	6.853651e-01	4.927981e+00
1.660000e+02	-2.549840e+01	4.391642e+01	7.232350e-04	4.033172e+00	4.927981e+00
9.000000e+00	-5.364691e+00	1.929035e+02	7.232350e-04	6.853651e-01	3.126349e+00
1.680000e+02	-2.616868e+01	5.111811e+01	7.232350e-04	4.033172e+00	3.126349e+00
4.000000e+00	-6.223399e+01	1.932794e+02	5.115570e-04	6.853651e-01	3.126349e+00
1.600000e+02	-1.451457e+01	8.181777e+01	5.115570e-04	4.033172e+00	4.927981e+00
1.730000e+02	-1.382771e+01	7.633739e+01	5.115570e-04	4.033172e+00	3.126349e+00
1.730000e+02	-1.771587e+01	5.112919e+01	6.247277e-04	5.405347e+00	3.942720e+00
1.740000e+02	-2.052619e+01	4.871019e+01	6.311835e-04	5.405347e+00	3.942720e+00
1.780000e+02	-2.893190e+01	9.080406e+01	6.247277e-04	3.120046e+00	3.942720e+00
1.580000e+02	-2.908933e+01	4.623697e+01	6.247277e-04	5.405347e+00	4.835362e+00
1.630000e+02	-1.812597e+01	1.178110e+02	6.247277e-04	3.120046e+00	4.835362e+00
1.720000e+02	-2.961505e+01	5.287483e+01	6.311835e-04	5.405347e+00	4.835362e+00
1.820000e+02	-2.216266e+01	8.240448e+01	6.311835e-04	3.120046e+00	3.942720e+00
1.610000e+02	-2.392849e+01	1.419863e+02	6.311835e-04	3.120046e+00	4.835362e+00
1.100000e+01	-5.037949e+00	1.907893e+02	2.418195e-04	1.020156e+00	2.069361e+00
3.500000e+01	1.194668e+01	1.818019e+02	4.000246e-04	1.020156e+00	2.069361e+00
1.600000e+01	2.792787e+01	1.886003e+02	2.418195e-04	1.165407e+00	2.069361e+00
1.600000e+01	-1.615327e+01	1.867786e+02	2.418195e-04	1.020156e+00	1.896961e+00
1.600000e+01	-3.016426e+01	1.862244e+02	2.418195e-04	1.165407e+00	1.896961e+00
4.500000e+01	-1.616441e+01	1.715013e+02	4.000246e-04	1.020156e+00	1.896961e+00
2.500000e+01	-6.151017e+00	1.800637e+02	4.000246e-04	1.165407e+00	2.069361e+00
3.400000e+01	-1.773862e+01	1.786475e+02	4.000246e-04	1.165407e+00	1.896961e+00
1.760000e+02	-1.711977e+01	5.823331e+01	4.964850e-04	4.292157e+00	4.290359e+00
1.860000e+02	-2.121161e+01	4.239172e+01	9.682552e-04	4.292157e+00	4.290359e+00
9.000000e+01	-2.890348e+01	1.402324e+02	4.964850e-04	2.764562e+00	4.290359e+00
1.660000e+02	-2.362634e+01	7.469854e+01	4.964850e-04	4.292157e+00	2.733351e+00
1.530000e+02	-2.562356e+01	1.200323e+02	4.964850e-04	2.764562e+00	2.733351e+00
1.730000e+02	-2.212285e+01	3.941576e+01	9.682552e-04	4.292157e+00	2.733351e+00
1.560000e+02	-2.488505e+01	7.025134e+01	9.682552e-04	2.764562e+00	4.290359e+00
1.660000e+02	-2.312773e+01	6.180282e+01	9.682552e-04	2.764562e+00	2.733351e+00
1.850000e+02	-2.962749e+01	4.881213e+01	8.618816e-04	2.860091e+00	1.667042e+00
8.900000e+01	-1.413155e+00	1.597624e+02	1.917398e-04	2.860091e+00	1.667042e+00
1.720000e+02	-3.018308e+01	4.704997e+01	8.618816e-04	4.530947e+00	1.667042e+00
1.680000e+02	-2.403005e+01	5.351170e+01	8.618816e-04	2.860091e+00	3.546782e+00
1.750000e+02	-2.501448e+01	4.650331e+01	8.618816e-04	4.530947e+00	3.546782e+00
5.400000e+01	1.412071e+01	1.774199e+02	1.917398e-04	2.860091e+00	3.546782e+00
1.000000e+02	-7.277775e+00	1.468132e+02	1.917398e-04	4.530947e+00	1.667042e+00
1.330000e+02	-1.098059e+01	1.366207e+02	1.917398e-04	4.530947e+00	3.546782e+00
