0 0.9651077793072215 263.3882481732649
1 0.9651077793072215 263.3882481732649
2 0.9651077793072215 263.3882481732649
3 0.9651077793072215 263.3882481732649
4 0.9651077793072215 263.3882481732649
5 0.9651077793072215 263.3882481732649
6 0.9651077793072215 263.3882481732649
7 0.9651077793072215 263.3882481732649
8 0.9651077793072215 263.3882481732649
9 0.9651077793072215 263.3882481732649
10 0.9651077793072215 263.3882481732649
11 0.9651077793072215 263.3882481732649
12 0.9651077793072215 263.3882481732649
13 0.9651077793072215 263.3882481732649
14 0.9651077793072215 263.3882481732649
15 0.9651077793072215 263.3882481732649
16 0.9651077793072215 263.3882481732649
17 0.9651077793072215 263.3882481732649
18 0.9651077793072215 263.3882481732649
19 0.9651077793072215 263.3882481732649
20 0.9651077793072215 263.3882481732649
21 0.9651077793072215 263.3882481732649
22 0.9651077793072215 263.3882481732649
23 0.9651077793072215 263.3882481732649
24 0.9651077793072215 263.3882481732649
25 0.9651077793072215 263.3882481732649
26 0.9651077793072215 263.3882481732649
27 0.9651077793072215 263.3882481732649
28 0.9651077793072215 263.3882481732649
29 0.9651077793072215 263.3882481732649
30 0.9651077793072215 263.3882481732649
31 0.9651077793072215 263.3882481732649
32 0.9651077793072215 263.3882481732649
33 0.9651077793072215 263.3882481732649
34 0.9651077793072215 263.3882481732649
35 0.9651077793072215 263.3882481732649
36 0.9651077793072215 263.3882481732649
37 0.9651077793072215 263.3882481732649
38 0.9651077793072215 263.3882481732649
39 0.9651077793072215 263.3882481732649
40 0.9651077793072215 263.3882481732649
41 0.9651077793072215 263.3882481732649
42 0.988391098282665 265.967306119877
43 0.9651077793072215 263.3882481732649
44 0.9651077793072215 263.3882481732649
45 1.2981665507219822 296.58418599487436
46 0.9651077793072215 263.3882481732649
47 0.9651077793072215 263.3882481732649
48 0.9651077793072215 263.3882481732649
49 0.9651077793072215 263.3882481732649
50 0.9651077793072215 263.3882481732649
51 0.9651077793072215 263.3882481732649
52 0.9651077793072215 263.3882481732649
53 0.9651077793072215 263.3882481732649
54 0.9651077793072215 263.3882481732649
55 0.9651077793072215 263.3882481732649
56 0.9651077793072215 263.3882481732649
57 0.9651077793072215 263.3882481732649
58 0.9651077793072215 263.3882481732649
59 0.9651077793072215 263.3882481732649
60 0.9651077793072215 263.3882481732649
61 0.9651077793072215 263.3882481732649
62 0.9651077793072215 263.3882481732649
63 0.9651077793072215 263.3882481732649
64 0.9651077793072215 263.3882481732649
65 0.9651077793072215 263.3882481732649
66 0.9651077793072215 263.3882481732649
67 0.9651077793072215 263.3882481732649
68 0.9651077793072215 263.3882481732649
69 1.0456287300611014 271.6338316659422
70 0.9651077793072215 263.3882481732649
71 0.9651077793072215 263.3882481732649
72 0.9651077793072215 263.3882481732649
73 0.9651077793072215 263.3882481732649
74 0.9651077793072215 263.3882481732649
75 1.0611136464610136 273.2989410738808
76 0.9651077793072215 263.3882481732649
77 0.9651077793072215 263.3882481732649
78 0.9651077793072215 263.3882481732649
79 0.9651077793072215 263.3882481732649
80 1.0273450162938011 269.781036723969
81 0.9651077793072215 263.3882481732649
82 0.9651077793072215 263.3882481732649
83 0.9651077793072215 263.3882481732649
84 0.9651077793072215 263.3882481732649
85 0.9651077793072215 263.3882481732649
86 0.9651077793072215 263.3882481732649
87 0.9651077793072215 263.3882481732649
88 1.1181166195525742 278.8384911544854
89 0.9651077793072215 263.3882481732649
90 0.9651077793072215 263.3882481732649
91 0.9651077793072215 263.3882481732649
92 0.9651077793072215 263.3882481732649
93 0.9651077793072215 263.3882481732649
94 0.9651077793072215 263.3882481732649
95 0.9651077793072215 263.3882481732649
96 0.9651077793072215 263.3882481732649
97 0.9651077793072215 263.3882481732649
98 0.9651077793072215 263.3882481732649
99 0.9651077793072215 263.3882481732649
100 0.9651077793072215 263.3882481732649
101 0.9651077793072215 263.3882481732649
102 0.9651077793072215 263.3882481732649
103 0.9651077793072215 263.3882481732649
104 0.9651077793072215 263.3882481732649
105 0.9651077793072215 263.3882481732649
106 0.9651077793072215 263.3882481732649
107 0.9651077793072215 263.3882481732649
108 0.9651077793072215 263.3882481732649
109 0.9651077793072215 263.3882481732649
110 0.9651077793072215 263.3882481732649
111 0.9651077793072215 263.3882481732649
112 0.9651077793072215 263.3882481732649
113 0.9279212123778313 260.0719409324807
114 0.9651077793072215 263.3882481732649
115 0.9651077793072215 263.3882481732649
116 0.9651077793072215 263.3882481732649
117 0.9651077793072215 263.3882481732649
118 0.9651077793072215 263.3882481732649
119 0.9651077793072215 263.3882481732649
120 0.9651077793072215 263.3882481732649
121 0.9651077793072215 263.3882481732649
122 1.0456287300611014 271.6338316659422
123 0.9651077793072215 263.3882481732649
124 0.9651077793072215 263.3882481732649
125 0.9651077793072215 263.3882481732649
126 0.9651077793072215 263.3882481732649
127 0.9651077793072215 263.3882481732649
128 0.9651077793072215 263.3882481732649
129 1.0456287300611014 271.6338316659422
130 0.9651077793072215 263.3882481732649
131 0.9651077793072215 263.3882481732649
132 0.9651077793072215 263.3882481732649
133 0.9651077793072215 263.3882481732649
134 0.9651077793072215 263.3882481732649
135 0.9651077793072215 263.3882481732649
136 0.9651077793072215 263.3882481732649
137 0.9651077793072215 263.3882481732649
138 0.9651077793072215 263.3882481732649
139 0.9651077793072215 263.3882481732649
140 0.9651077793072215 263.3882481732649
141 0.9651077793072215 263.3882481732649
142 0.9651077793072215 263.3882481732649
143 1.0273450162938011 269.781036723969
144 0.9651077793072215 263.3882481732649
145 0.9651077793072215 263.3882481732649
146 0.9651077793072215 263.3882481732649
147 1.209646382612822 287.8980919616796
148 0.9651077793072215 263.3882481732649
149 0.9651077793072215 263.3882481732649
150 0.9651077793072215 263.3882481732649
151 0.9651077793072215 263.3882481732649
152 0.9651077793072215 263.3882481732649
153 0.9651077793072215 263.3882481732649
154 0.9651077793072215 263.3882481732649
155 0.9651077793072215 263.3882481732649
156 0.9651077793072215 263.3882481732649
157 0.9651077793072215 263.3882481732649
158 0.9651077793072215 263.3882481732649
159 0.9651077793072215 263.3882481732649
160 0.9651077793072215 263.3882481732649
161 1.2879905198068204 295.3536394827252
162 0.9651077793072215 263.3882481732649
163 0.9651077793072215 263.3882481732649
164 0.9651077793072215 263.3882481732649
165 1.2879905198068204 295.3536394827252
166 1.2879905198068204 295.3536394827252
167 1.2879905198068204 295.3536394827252
168 0.9427508153299794 261.17490873951795
169 1.209646382612822 287.8980919616796
170 0.9427508153299794 261.17490873951795
171 0.9427508153299794 261.17490873951795
172 0.9427508153299794 261.17490873951795
173 0.9651077793072215 263.3882481732649
174 0.9651077793072215 263.3882481732649
175 0.9651077793072215 263.3882481732649
176 0.9651077793072215 263.3882481732649
177 0.9651077793072215 263.3882481732649
178 0.9651077793072215 263.3882481732649
179 0.9651077793072215 263.3882481732649
180 0.9651077793072215 263.3882481732649
181 0.9651077793072215 263.3882481732649
182 0.9651077793072215 263.3882481732649
183 0.9651077793072215 263.3882481732649
184 0.9651077793072215 263.3882481732649
185 0.9651077793072215 263.3882481732649
186 0.9651077793072215 263.3882481732649
187 0.9651077793072215 263.3882481732649
188 0.9651077793072215 263.3882481732649
189 0.9651077793072215 263.3882481732649
190 0.9651077793072215 263.3882481732649
191 0.9651077793072215 263.3882481732649
192 0.9651077793072215 263.3882481732649
193 0.9651077793072215 263.3882481732649
194 0.9651077793072215 263.3882481732649
195 0.9651077793072215 263.3882481732649
196 0.9651077793072215 263.3882481732649
197 0.9651077793072215 263.3882481732649
198 0.9651077793072215 263.3882481732649
199 0.9651077793072215 263.3882481732649
200 0.9651077793072215 263.3882481732649
201 0.9651077793072215 263.3882481732649
202 0.9651077793072215 263.3882481732649
203 0.9651077793072215 263.3882481732649
204 0.9651077793072215 263.3882481732649
205 0.9651077793072215 263.3882481732649
206 0.9651077793072215 263.3882481732649
207 0.988391098282665 265.967306119877
208 0.9651077793072215 263.3882481732649
209 0.9651077793072215 263.3882481732649
210 0.9651077793072215 263.3882481732649
211 0.9651077793072215 263.3882481732649
212 0.9651077793072215 263.3882481732649
213 0.9651077793072215 263.3882481732649
214 0.9651077793072215 263.3882481732649
215 0.9651077793072215 263.3882481732649
216 0.9651077793072215 263.3882481732649
217 0.9651077793072215 263.3882481732649
218 0.9651077793072215 263.3882481732649
219 0.9651077793072215 263.3882481732649
220 0.9651077793072215 263.3882481732649
221 0.9651077793072215 263.3882481732649
222 0.9651077793072215 263.3882481732649
223 0.9651077793072215 263.3882481732649
224 0.9651077793072215 263.3882481732649
225 0.9651077793072215 263.3882481732649
226 0.9651077793072215 263.3882481732649
227 0.9651077793072215 263.3882481732649
228 0.9651077793072215 263.3882481732649
229 0.9651077793072215 263.3882481732649
230 0.9651077793072215 263.3882481732649
231 1.32700575156251 299.21666400701673
232 0.9651077793072215 263.3882481732649
233 1.0456287300611014 271.6338316659422
234 0.9651077793072215 263.3882481732649
235 0.9651077793072215 263.3882481732649
236 0.9651077793072215 263.3882481732649
237 0.9651077793072215 263.3882481732649
238 0.9651077793072215 263.3882481732649
239 0.9651077793072215 263.3882481732649
240 0.9651077793072215 263.3882481732649
241 0.9651077793072215 263.3882481732649
242 0.9651077793072215 263.3882481732649
243 0.9651077793072215 263.3882481732649
244 0.9651077793072215 263.3882481732649
245 0.9651077793072215 263.3882481732649
246 0.9651077793072215 263.3882481732649
247 0.9651077793072215 263.3882481732649
248 0.9651077793072215 263.3882481732649
249 0.9651077793072215 263.3882481732649
250 0.9651077793072215 263.3882481732649
251 0.9651077793072215 263.3882481732649
252 0.9651077793072215 263.3882481732649
253 0.9651077793072215 263.3882481732649
254 0.9651077793072215 263.3882481732649
255 0.9651077793072215 263.3882481732649
256 0.9651077793072215 263.3882481732649
257 0.9651077793072215 263.3882481732649
258 0.9651077793072215 263.3882481732649
259 0.9651077793072215 263.3882481732649
260 0.9651077793072215 263.3882481732649
261 0.9651077793072215 263.3882481732649
262 0.9651077793072215 263.3882481732649
263 0.9651077793072215 263.3882481732649
264 0.9651077793072215 263.3882481732649
265 1.0456287300611014 271.6338316659422
266 0.9651077793072215 263.3882481732649
267 0.9651077793072215 263.3882481732649
268 0.9651077793072215 263.3882481732649
269 0.9651077793072215 263.3882481732649
270 0.9651077793072215 263.3882481732649
271 0.9651077793072215 263.3882481732649
272 0.9651077793072215 263.3882481732649
273 0.9651077793072215 263.3882481732649
274 0.9651077793072215 263.3882481732649
275 0.9651077793072215 263.3882481732649
276 0.9651077793072215 263.3882481732649
277 0.9651077793072215 263.3882481732649
278 0.9651077793072215 263.3882481732649
279 0.9651077793072215 263.3882481732649
280 0.9651077793072215 263.3882481732649
281 0.941089778545543 261.01046609785874
282 0.9651077793072215 263.3882481732649
283 0.9651077793072215 263.3882481732649
284 0.9651077793072215 263.3882481732649
285 0.941089778545543 261.01046609785874
286 0.941089778545543 261.01046609785874
287 0.941089778545543 261.01046609785874
288 0.9651077793072215 263.3882481732649
289 0.9651077793072215 263.3882481732649
290 0.9651077793072215 263.3882481732649
291 0.9651077793072215 263.3882481732649
292 0.9651077793072215 263.3882481732649
293 0.9651077793072215 263.3882481732649
294 0.9651077793072215 263.3882481732649
295 0.9651077793072215 263.3882481732649
296 0.9651077793072215 263.3882481732649
297 0.9651077793072215 263.3882481732649
298 0.9651077793072215 263.3882481732649
299 0.9651077793072215 263.3882481732649
300 0.9651077793072215 263.3882481732649
301 0.9651077793072215 263.3882481732649
302 0.9651077793072215 263.3882481732649
303 1.0456287300611014 271.6338316659422
304 0.9923053542820314 266.0808080957711
305 0.9651077793072215 263.3882481732649
306 0.9651077793072215 263.3882481732649
307 0.9651077793072215 263.3882481732649
308 0.9651077793072215 263.3882481732649
309 0.9651077793072215 263.3882481732649
310 0.9651077793072215 263.3882481732649
311 0.9651077793072215 263.3882481732649
312 0.9651077793072215 263.3882481732649
313 1.2981665507219822 296.58418599487436
314 0.9651077793072215 263.3882481732649
315 0.9651077793072215 263.3882481732649
316 1.0456287300611014 271.6338316659422
317 0.9651077793072215 263.3882481732649
318 0.9651077793072215 263.3882481732649
319 0.9651077793072215 263.3882481732649
320 0.9651077793072215 263.3882481732649
321 0.9651077793072215 263.3882481732649
322 0.9651077793072215 263.3882481732649
323 0.9651077793072215 263.3882481732649
324 0.9651077793072215 263.3882481732649
325 1.2064532430246206 287.2819656617657
326 0.9651077793072215 263.3882481732649
327 0.9651077793072215 263.3882481732649
328 0.9651077793072215 263.3882481732649
329 0.9651077793072215 263.3882481732649
330 0.9651077793072215 263.3882481732649
331 0.9651077793072215 263.3882481732649
332 0.9651077793072215 263.3882481732649
333 0.9651077793072215 263.3882481732649
334 0.9651077793072215 263.3882481732649
335 1.209646382612822 287.8980919616796
336 0.941089778545543 261.01046609785874
337 0.9651077793072215 263.3882481732649
338 0.941089778545543 261.01046609785874
339 0.941089778545543 261.01046609785874
340 1.32700575156251 299.21666400701673
341 0.9651077793072215 263.3882481732649
342 0.9651077793072215 263.3882481732649
343 0.9651077793072215 263.3882481732649
344 0.9651077793072215 263.3882481732649
345 0.9651077793072215 263.3882481732649
346 0.9651077793072215 263.3882481732649
347 0.9651077793072215 263.3882481732649
348 0.9651077793072215 263.3882481732649
349 0.9651077793072215 263.3882481732649
350 0.9651077793072215 263.3882481732649
351 0.9651077793072215 263.3882481732649
352 0.9651077793072215 263.3882481732649
353 0.9651077793072215 263.3882481732649
354 0.9651077793072215 263.3882481732649
355 0.9651077793072215 263.3882481732649
356 0.9651077793072215 263.3882481732649
357 0.9651077793072215 263.3882481732649
358 0.9651077793072215 263.3882481732649
359 0.9651077793072215 263.3882481732649
360 0.9651077793072215 263.3882481732649
361 0.9651077793072215 263.3882481732649
362 0.9651077793072215 263.3882481732649
363 0.9651077793072215 263.3882481732649
364 0.9651077793072215 263.3882481732649
365 0.9651077793072215 263.3882481732649
366 0.9651077793072215 263.3882481732649
367 0.9651077793072215 263.3882481732649
368 1.0456287300611014 271.6338316659422
369 0.9651077793072215 263.3882481732649
370 0.9651077793072215 263.3882481732649
371 0.9651077793072215 263.3882481732649
372 0.9651077793072215 263.3882481732649
373 0.9651077793072215 263.3882481732649
374 0.9651077793072215 263.3882481732649
375 0.9651077793072215 263.3882481732649
376 1.0456287300611014 271.6338316659422
377 0.9651077793072215 263.3882481732649
378 0.9651077793072215 263.3882481732649
379 0.9651077793072215 263.3882481732649
380 0.9651077793072215 263.3882481732649
381 0.9651077793072215 263.3882481732649
382 0.9651077793072215 263.3882481732649
383 0.9651077793072215 263.3882481732649
384 0.9651077793072215 263.3882481732649
385 0.9651077793072215 263.3882481732649
386 1.1132134351116476 278.3134163605169
387 0.9651077793072215 263.3882481732649
388 0.9651077793072215 263.3882481732649
389 0.9651077793072215 263.3882481732649
390 0.9651077793072215 263.3882481732649
391 0.9651077793072215 263.3882481732649
392 0.9651077793072215 263.3882481732649
393 0.9651077793072215 263.3882481732649
394 0.9651077793072215 263.3882481732649
395 0.9651077793072215 263.3882481732649
396 0.9651077793072215 263.3882481732649
397 0.9651077793072215 263.3882481732649
398 0.9651077793072215 263.3882481732649
399 0.9651077793072215 263.3882481732649
400 0.9651077793072215 263.3882481732649
401 0.9651077793072215 263.3882481732649
402 0.9651077793072215 263.3882481732649
403 0.9651077793072215 263.3882481732649
404 0.9651077793072215 263.3882481732649
405 0.9651077793072215 263.3882481732649
406 0.9651077793072215 263.3882481732649
407 0.9651077793072215 263.3882481732649
408 0.9651077793072215 263.3882481732649
409 0.9651077793072215 263.3882481732649
410 0.9651077793072215 263.3882481732649
411 0.9651077793072215 263.3882481732649
412 0.9651077793072215 263.3882481732649
413 0.9651077793072215 263.3882481732649
414 0.9651077793072215 263.3882481732649
415 0.9651077793072215 263.3882481732649
416 0.9651077793072215 263.3882481732649
417 0.9651077793072215 263.3882481732649
418 0.9651077793072215 263.3882481732649
419 0.9651077793072215 263.3882481732649
420 1.0456287300611014 271.6338316659422
421 1.0456287300611014 271.6338316659422
422 1.0273450162938011 269.781036723969
423 0.9651077793072215 263.3882481732649
424 0.941089778545543 261.01046609785874
425 0.9651077793072215 263.3882481732649
426 0.941089778545543 261.01046609785874
427 0.941089778545543 261.01046609785874
428 0.941089778545543 261.01046609785874
429 0.9651077793072215 263.3882481732649
430 0.9651077793072215 263.3882481732649
431 0.9651077793072215 263.3882481732649
432 0.9651077793072215 263.3882481732649
433 0.9651077793072215 263.3882481732649
434 0.9651077793072215 263.3882481732649
435 0.9651077793072215 263.3882481732649
436 0.9651077793072215 263.3882481732649
437 0.9651077793072215 263.3882481732649
438 0.9651077793072215 263.3882481732649
439 0.9651077793072215 263.3882481732649
440 0.9651077793072215 263.3882481732649
441 0.9651077793072215 263.3882481732649
442 0.9651077793072215 263.3882481732649
443 0.9651077793072215 263.3882481732649
444 0.9651077793072215 263.3882481732649
445 0.9651077793072215 263.3882481732649
446 0.9651077793072215 263.3882481732649
447 0.9651077793072215 263.3882481732649
448 0.9651077793072215 263.3882481732649
449 0.9651077793072215 263.3882481732649
450 0.9651077793072215 263.3882481732649
451 0.9651077793072215 263.3882481732649
452 0.9651077793072215 263.3882481732649
453 0.9651077793072215 263.3882481732649
454 0.9651077793072215 263.3882481732649
455 0.9651077793072215 263.3882481732649
456 0.9651077793072215 263.3882481732649
457 0.9651077793072215 263.3882481732649
458 0.9651077793072215 263.3882481732649
459 1.0456287300611014 271.6338316659422
460 0.9651077793072215 263.3882481732649
461 0.9651077793072215 263.3882481732649
462 0.9651077793072215 263.3882481732649
463 0.9651077793072215 263.3882481732649
464 0.9651077793072215 263.3882481732649
465 0.9651077793072215 263.3882481732649
466 0.9651077793072215 263.3882481732649
467 1.0611136464610136 273.2989410738808
468 0.9651077793072215 263.3882481732649
469 0.9279212123778313 260.0719409324807
470 1.0456287300611014 271.6338316659422
471 0.9279212123778313 260.0719409324807
472 0.9651077793072215 263.3882481732649
473 0.9651077793072215 263.3882481732649
474 0.9651077793072215 263.3882481732649
475 1.030351873057136 270.91170834607817
476 0.9651077793072215 263.3882481732649
477 0.9651077793072215 263.3882481732649
478 0.9651077793072215 263.3882481732649
479 0.9651077793072215 263.3882481732649
480 1.0456287300611014 271.6338316659422
481 0.9651077793072215 263.3882481732649
482 0.9651077793072215 263.3882481732649
483 0.9651077793072215 263.3882481732649
484 0.9651077793072215 263.3882481732649
485 0.9651077793072215 263.3882481732649
486 0.9651077793072215 263.3882481732649
487 0.9651077793072215 263.3882481732649
488 0.9651077793072215 263.3882481732649
489 0.9651077793072215 263.3882481732649
490 0.9651077793072215 263.3882481732649
491 0.9651077793072215 263.3882481732649
492 0.9651077793072215 263.3882481732649
493 0.9651077793072215 263.3882481732649
494 0.9651077793072215 263.3882481732649
495 0.9651077793072215 263.3882481732649
496 0.9651077793072215 263.3882481732649
497 0.9651077793072215 263.3882481732649
498 0.9651077793072215 263.3882481732649
499 0.9651077793072215 263.3882481732649
500 0.9651077793072215 263.3882481732649
501 0.9651077793072215 263.3882481732649
502 0.9651077793072215 263.3882481732649
503 0.9651077793072215 263.3882481732649
504 0.9651077793072215 263.3882481732649
505 0.9651077793072215 263.3882481732649
506 0.9651077793072215 263.3882481732649
507 0.9651077793072215 263.3882481732649
508 1.1181166195525742 278.8384911544854
509 0.9651077793072215 263.3882481732649
510 0.9651077793072215 263.3882481732649
511 0.9651077793072215 263.3882481732649
512 0.9651077793072215 263.3882481732649
513 0.9651077793072215 263.3882481732649
514 1.0456287300611014 271.6338316659422
515 0.9651077793072215 263.3882481732649
516 0.9651077793072215 263.3882481732649
517 0.9651077793072215 263.3882481732649
518 0.9651077793072215 263.3882481732649
519 0.9651077793072215 263.3882481732649
520 0.9651077793072215 263.3882481732649
521 0.9651077793072215 263.3882481732649
522 0.9651077793072215 263.3882481732649
523 0.9651077793072215 263.3882481732649
524 0.9651077793072215 263.3882481732649
525 0.9651077793072215 263.3882481732649
526 0.9651077793072215 263.3882481732649
527 0.9651077793072215 263.3882481732649
528 0.9651077793072215 263.3882481732649
529 0.9651077793072215 263.3882481732649
530 0.9651077793072215 263.3882481732649
531 0.9651077793072215 263.3882481732649
532 0.9651077793072215 263.3882481732649
533 0.9651077793072215 263.3882481732649
534 0.9651077793072215 263.3882481732649
535 0.9651077793072215 263.3882481732649
536 0.9651077793072215 263.3882481732649
537 0.9651077793072215 263.3882481732649
538 0.9651077793072215 263.3882481732649
539 0.9651077793072215 263.3882481732649
540 0.9651077793072215 263.3882481732649
541 0.9651077793072215 263.3882481732649
542 0.9651077793072215 263.3882481732649
543 0.9651077793072215 263.3882481732649
544 0.9651077793072215 263.3882481732649
545 1.0456287300611014 271.6338316659422
546 0.9651077793072215 263.3882481732649
547 0.9651077793072215 263.3882481732649
548 0.9651077793072215 263.3882481732649
549 0.9651077793072215 263.3882481732649
550 1.32700575156251 299.21666400701673
551 0.9651077793072215 263.3882481732649
552 0.9651077793072215 263.3882481732649
553 0.9651077793072215 263.3882481732649
554 0.9651077793072215 263.3882481732649
555 0.9651077793072215 263.3882481732649
556 0.9651077793072215 263.3882481732649
557 0.9651077793072215 263.3882481732649
558 0.9651077793072215 263.3882481732649
559 0.9651077793072215 263.3882481732649
560 0.9651077793072215 263.3882481732649
561 0.9651077793072215 263.3882481732649
562 1.1601038426783776 282.9156058889116
563 0.9651077793072215 263.3882481732649
564 0.9651077793072215 263.3882481732649
565 1.0456287300611014 271.6338316659422
566 0.9651077793072215 263.3882481732649
567 0.9651077793072215 263.3882481732649
568 0.9651077793072215 263.3882481732649
569 0.9651077793072215 263.3882481732649
570 0.9651077793072215 263.3882481732649
571 0.9651077793072215 263.3882481732649
572 0.9651077793072215 263.3882481732649
573 0.9651077793072215 263.3882481732649
574 0.9651077793072215 263.3882481732649
575 0.9651077793072215 263.3882481732649
576 0.9651077793072215 263.3882481732649
577 0.9651077793072215 263.3882481732649
578 0.9651077793072215 263.3882481732649
579 0.9651077793072215 263.3882481732649
580 0.9651077793072215 263.3882481732649
581 0.9651077793072215 263.3882481732649
582 0.9651077793072215 263.3882481732649
583 0.9651077793072215 263.3882481732649
584 0.9651077793072215 263.3882481732649
585 0.9651077793072215 263.3882481732649
586 0.9651077793072215 263.3882481732649
587 0.9651077793072215 263.3882481732649
588 0.9651077793072215 263.3882481732649
589 0.9651077793072215 263.3882481732649
590 0.9651077793072215 263.3882481732649
591 0.9651077793072215 263.3882481732649
592 0.941089778545543 261.01046609785874
593 0.9651077793072215 263.3882481732649
594 1.1646344396951023 283.41539691970826
595 0.941089778545543 261.01046609785874
596 0.941089778545543 261.01046609785874
597 1.0456287300611014 271.6338316659422
598 0.9651077793072215 263.3882481732649
599 0.9651077793072215 263.3882481732649
600 0.9651077793072215 263.3882481732649
601 0.9651077793072215 263.3882481732649
602 0.9651077793072215 263.3882481732649
603 0.9651077793072215 263.3882481732649
604 0.9651077793072215 263.3882481732649
605 0.9651077793072215 263.3882481732649
606 0.9651077793072215 263.3882481732649
607 0.9651077793072215 263.3882481732649
608 0.9651077793072215 263.3882481732649
609 0.9651077793072215 263.3882481732649
610 0.9651077793072215 263.3882481732649
611 0.9651077793072215 263.3882481732649
612 0.9651077793072215 263.3882481732649
613 0.9651077793072215 263.3882481732649
614 0.9651077793072215 263.3882481732649
615 0.9651077793072215 263.3882481732649
616 0.9651077793072215 263.3882481732649
617 0.9651077793072215 263.3882481732649
618 0.9651077793072215 263.3882481732649
619 0.9651077793072215 263.3882481732649
620 0.9651077793072215 263.3882481732649
621 0.9651077793072215 263.3882481732649
622 0.9651077793072215 263.3882481732649
623 0.9651077793072215 263.3882481732649
624 0.9651077793072215 263.3882481732649
625 0.9651077793072215 263.3882481732649
626 0.9651077793072215 263.3882481732649
627 0.9651077793072215 263.3882481732649
628 0.9651077793072215 263.3882481732649
629 0.9651077793072215 263.3882481732649
630 0.9651077793072215 263.3882481732649
631 0.9651077793072215 263.3882481732649
632 1.0611136464610136 273.2989410738808
633 0.9651077793072215 263.3882481732649
634 0.9651077793072215 263.3882481732649
635 0.9651077793072215 263.3882481732649
636 0.9651077793072215 263.3882481732649
637 0.9651077793072215 263.3882481732649
638 0.9651077793072215 263.3882481732649
639 0.9651077793072215 263.3882481732649
640 0.9651077793072215 263.3882481732649
641 0.9651077793072215 263.3882481732649
642 0.9651077793072215 263.3882481732649
643 1.178922805640437 285.68671235376576
644 0.9651077793072215 263.3882481732649
645 0.9651077793072215 263.3882481732649
646 0.9651077793072215 263.3882481732649
647 0.9651077793072215 263.3882481732649
648 0.9651077793072215 263.3882481732649
649 0.9651077793072215 263.3882481732649
650 0.9651077793072215 263.3882481732649
651 0.9651077793072215 263.3882481732649
652 0.9651077793072215 263.3882481732649
653 0.9651077793072215 263.3882481732649
654 0.9651077793072215 263.3882481732649
655 0.9651077793072215 263.3882481732649
656 0.9651077793072215 263.3882481732649
657 1.0456287300611014 271.6338316659422
658 0.9651077793072215 263.3882481732649
659 0.9651077793072215 263.3882481732649
660 0.9651077793072215 263.3882481732649
661 1.0456287300611014 271.6338316659422
662 0.9651077793072215 263.3882481732649
663 0.9651077793072215 263.3882481732649
664 0.9651077793072215 263.3882481732649
665 0.9651077793072215 263.3882481732649
666 0.9651077793072215 263.3882481732649
667 0.9651077793072215 263.3882481732649
668 0.9651077793072215 263.3882481732649
669 1.0456287300611014 271.6338316659422
670 0.9651077793072215 263.3882481732649
671 0.9651077793072215 263.3882481732649
672 0.9651077793072215 263.3882481732649
673 0.9651077793072215 263.3882481732649
674 0.9651077793072215 263.3882481732649
675 1.0456287300611014 271.6338316659422
676 0.9651077793072215 263.3882481732649
677 1.2981665507219822 296.58418599487436
678 0.9651077793072215 263.3882481732649
679 0.9651077793072215 263.3882481732649
680 0.941089778545543 261.01046609785874
681 0.9651077793072215 263.3882481732649
682 0.941089778545543 261.01046609785874
683 0.941089778545543 261.01046609785874
684 0.941089778545543 261.01046609785874
685 0.9651077793072215 263.3882481732649
686 0.9651077793072215 263.3882481732649
687 0.9651077793072215 263.3882481732649
688 0.9651077793072215 263.3882481732649
689 0.9651077793072215 263.3882481732649
690 0.9651077793072215 263.3882481732649
691 0.9651077793072215 263.3882481732649
692 0.9651077793072215 263.3882481732649
693 0.9651077793072215 263.3882481732649
694 0.9651077793072215 263.3882481732649
695 0.9651077793072215 263.3882481732649
696 0.9651077793072215 263.3882481732649
697 0.9651077793072215 263.3882481732649
698 0.9651077793072215 263.3882481732649
699 0.9651077793072215 263.3882481732649
700 0.9651077793072215 263.3882481732649
701 0.9651077793072215 263.3882481732649
702 0.9651077793072215 263.3882481732649
703 0.9651077793072215 263.3882481732649
704 0.9651077793072215 263.3882481732649
705 0.9651077793072215 263.3882481732649
706 0.9651077793072215 263.3882481732649
707 0.9651077793072215 263.3882481732649
708 0.9651077793072215 263.3882481732649
709 1.0456287300611014 271.6338316659422
710 1.0611136464610136 273.2989410738808
711 0.9651077793072215 263.3882481732649
712 1.0456287300611014 271.6338316659422
713 0.9651077793072215 263.3882481732649
714 0.9651077793072215 263.3882481732649
715 0.9651077793072215 263.3882481732649
716 0.9651077793072215 263.3882481732649
717 0.9651077793072215 263.3882481732649
718 0.9651077793072215 263.3882481732649
719 0.9651077793072215 263.3882481732649
720 0.9651077793072215 263.3882481732649
721 0.941089778545543 261.01046609785874
722 0.9651077793072215 263.3882481732649
723 1.2063812725798109 287.6944224656069
724 0.988391098282665 265.967306119877
725 0.941089778545543 261.01046609785874
726 0.941089778545543 261.01046609785874
727 0.941089778545543 261.01046609785874
728 0.9651077793072215 263.3882481732649
729 0.9651077793072215 263.3882481732649
730 0.9651077793072215 263.3882481732649
731 0.9651077793072215 263.3882481732649
732 0.9651077793072215 263.3882481732649
733 0.9651077793072215 263.3882481732649
734 0.9651077793072215 263.3882481732649
735 1.0456287300611014 271.6338316659422
736 0.9651077793072215 263.3882481732649
737 0.9651077793072215 263.3882481732649
738 0.9651077793072215 263.3882481732649
739 1.0456287300611014 271.6338316659422
740 0.9651077793072215 263.3882481732649
741 0.9651077793072215 263.3882481732649
742 0.9651077793072215 263.3882481732649
743 0.9651077793072215 263.3882481732649
744 0.9651077793072215 263.3882481732649
745 0.9651077793072215 263.3882481732649
746 0.9651077793072215 263.3882481732649
747 0.9651077793072215 263.3882481732649
748 0.9651077793072215 263.3882481732649
749 0.9651077793072215 263.3882481732649
750 0.9651077793072215 263.3882481732649
751 0.9651077793072215 263.3882481732649
752 0.9651077793072215 263.3882481732649
753 0.9651077793072215 263.3882481732649
754 0.9651077793072215 263.3882481732649
755 0.9651077793072215 263.3882481732649
756 0.9651077793072215 263.3882481732649
757 0.9651077793072215 263.3882481732649
758 0.9651077793072215 263.3882481732649
759 0.9651077793072215 263.3882481732649
760 0.9651077793072215 263.3882481732649
761 0.9651077793072215 263.3882481732649
762 0.9651077793072215 263.3882481732649
763 0.9651077793072215 263.3882481732649
764 0.9651077793072215 263.3882481732649
765 0.9651077793072215 263.3882481732649
766 0.9651077793072215 263.3882481732649
767 0.9651077793072215 263.3882481732649
768 0.9651077793072215 263.3882481732649
769 0.9651077793072215 263.3882481732649
770 0.9651077793072215 263.3882481732649
771 0.9651077793072215 263.3882481732649
772 0.9651077793072215 263.3882481732649
773 0.9651077793072215 263.3882481732649
774 0.9651077793072215 263.3882481732649
775 0.9651077793072215 263.3882481732649
776 0.9651077793072215 263.3882481732649
777 0.9651077793072215 263.3882481732649
778 0.9651077793072215 263.3882481732649
779 0.9651077793072215 263.3882481732649
780 0.9651077793072215 263.3882481732649
781 0.9651077793072215 263.3882481732649
782 0.9651077793072215 263.3882481732649
783 0.9651077793072215 263.3882481732649
784 0.9651077793072215 263.3882481732649
785 0.9651077793072215 263.3882481732649
786 0.9651077793072215 263.3882481732649
787 0.9651077793072215 263.3882481732649
788 0.9651077793072215 263.3882481732649
789 0.9651077793072215 263.3882481732649
790 0.9651077793072215 263.3882481732649
791 0.9651077793072215 263.3882481732649
792 0.9651077793072215 263.3882481732649
793 0.9651077793072215 263.3882481732649
794 0.9651077793072215 263.3882481732649
795 0.9651077793072215 263.3882481732649
796 0.9651077793072215 263.3882481732649
797 0.9651077793072215 263.3882481732649
798 0.9651077793072215 263.3882481732649
799 0.9651077793072215 263.3882481732649
800 0.9651077793072215 263.3882481732649
801 0.9651077793072215 263.3882481732649
802 0.9651077793072215 263.3882481732649
803 0.9651077793072215 263.3882481732649
804 0.9651077793072215 263.3882481732649
805 0.9651077793072215 263.3882481732649
806 1.2064532430246206 287.2819656617657
807 0.9651077793072215 263.3882481732649
808 0.9651077793072215 263.3882481732649
809 0.9651077793072215 263.3882481732649
810 0.9651077793072215 263.3882481732649
811 0.9651077793072215 263.3882481732649
812 1.2981665507219822 296.58418599487436
813 0.9651077793072215 263.3882481732649
814 0.9651077793072215 263.3882481732649
815 0.9651077793072215 263.3882481732649
816 0.9651077793072215 263.3882481732649
817 0.9651077793072215 263.3882481732649
818 0.9651077793072215 263.3882481732649
819 0.9651077793072215 263.3882481732649
820 0.9651077793072215 263.3882481732649
821 0.9651077793072215 263.3882481732649
822 0.9651077793072215 263.3882481732649
823 0.9651077793072215 263.3882481732649
824 0.9651077793072215 263.3882481732649
825 0.9651077793072215 263.3882481732649
826 0.9651077793072215 263.3882481732649
827 0.9651077793072215 263.3882481732649
828 0.9651077793072215 263.3882481732649
829 0.9651077793072215 263.3882481732649
830 0.9651077793072215 263.3882481732649
831 0.9651077793072215 263.3882481732649
832 0.9651077793072215 263.3882481732649
833 0.9651077793072215 263.3882481732649
834 0.9651077793072215 263.3882481732649
835 0.9651077793072215 263.3882481732649
836 0.9651077793072215 263.3882481732649
837 0.9651077793072215 263.3882481732649
838 0.9651077793072215 263.3882481732649
839 0.9651077793072215 263.3882481732649
840 0.9651077793072215 263.3882481732649
841 0.9651077793072215 263.3882481732649
842 0.9651077793072215 263.3882481732649
843 0.9651077793072215 263.3882481732649
844 0.9651077793072215 263.3882481732649
845 0.9651077793072215 263.3882481732649
846 0.9651077793072215 263.3882481732649
847 0.9651077793072215 263.3882481732649
848 0.9427508153299794 261.17490873951795
849 0.9651077793072215 263.3882481732649
850 0.9427508153299794 261.17490873951795
851 0.9427508153299794 261.17490873951795
852 0.9427508153299794 261.17490873951795
853 0.9651077793072215 263.3882481732649
854 0.9651077793072215 263.3882481732649
855 0.9651077793072215 263.3882481732649
856 0.9651077793072215 263.3882481732649
857 0.9651077793072215 263.3882481732649
858 1.0456287300611014 271.6338316659422
859 0.9651077793072215 263.3882481732649
860 0.9651077793072215 263.3882481732649
861 0.9651077793072215 263.3882481732649
862 0.9651077793072215 263.3882481732649
863 0.9651077793072215 263.3882481732649
864 0.9651077793072215 263.3882481732649
865 0.9651077793072215 263.3882481732649
866 1.0456287300611014 271.6338316659422
867 1.0456287300611014 271.6338316659422
868 0.9651077793072215 263.3882481732649
869 0.9651077793072215 263.3882481732649
870 0.9651077793072215 263.3882481732649
871 0.9651077793072215 263.3882481732649
872 0.9651077793072215 263.3882481732649
873 1.0107117705653397 267.9030433078186
874 0.9651077793072215 263.3882481732649
875 1.0456287300611014 271.6338316659422
876 0.9651077793072215 263.3882481732649
877 1.0107117705653397 267.9030433078186
878 1.0107117705653397 267.9030433078186
879 1.0107117705653397 267.9030433078186
880 0.9651077793072215 263.3882481732649
881 0.9651077793072215 263.3882481732649
882 0.9651077793072215 263.3882481732649
883 0.9651077793072215 263.3882481732649
884 0.9651077793072215 263.3882481732649
885 0.9651077793072215 263.3882481732649
886 1.0456287300611014 271.6338316659422
887 0.9651077793072215 263.3882481732649
888 0.9651077793072215 263.3882481732649
889 0.9651077793072215 263.3882481732649
890 0.9651077793072215 263.3882481732649
891 0.9651077793072215 263.3882481732649
892 1.209646382612822 287.8980919616796
893 0.9651077793072215 263.3882481732649
894 0.9651077793072215 263.3882481732649
895 0.9651077793072215 263.3882481732649
896 1.0456287300611014 271.6338316659422
897 0.9651077793072215 263.3882481732649
898 0.9651077793072215 263.3882481732649
899 1.0456287300611014 271.6338316659422
900 0.9651077793072215 263.3882481732649
901 0.9651077793072215 263.3882481732649
902 0.9651077793072215 263.3882481732649
903 0.9651077793072215 263.3882481732649
904 0.9651077793072215 263.3882481732649
905 0.9651077793072215 263.3882481732649
906 0.9651077793072215 263.3882481732649
907 0.9651077793072215 263.3882481732649
908 1.0456287300611014 271.6338316659422
909 0.9651077793072215 263.3882481732649
910 0.9651077793072215 263.3882481732649
911 1.0456287300611014 271.6338316659422
912 0.9651077793072215 263.3882481732649
913 0.9651077793072215 263.3882481732649
914 0.9651077793072215 263.3882481732649
915 0.9651077793072215 263.3882481732649
916 0.9651077793072215 263.3882481732649
917 0.9651077793072215 263.3882481732649
918 1.0456287300611014 271.6338316659422
919 0.9651077793072215 263.3882481732649
920 0.9651077793072215 263.3882481732649
921 0.9651077793072215 263.3882481732649
922 0.9651077793072215 263.3882481732649
923 0.9651077793072215 263.3882481732649
924 0.9651077793072215 263.3882481732649
925 0.9279212123778313 260.0719409324807
926 0.9651077793072215 263.3882481732649
927 0.9651077793072215 263.3882481732649
928 0.9651077793072215 263.3882481732649
929 0.9651077793072215 263.3882481732649
930 0.9651077793072215 263.3882481732649
931 0.9651077793072215 263.3882481732649
932 0.9651077793072215 263.3882481732649
933 0.9651077793072215 263.3882481732649
934 0.9651077793072215 263.3882481732649
935 0.9651077793072215 263.3882481732649
936 0.9651077793072215 263.3882481732649
937 0.9651077793072215 263.3882481732649
938 0.9651077793072215 263.3882481732649
939 0.9651077793072215 263.3882481732649
940 0.9651077793072215 263.3882481732649
941 0.9651077793072215 263.3882481732649
942 0.9651077793072215 263.3882481732649
943 1.1397813237450372 280.96319677395746
944 1.0456287300611014 271.6338316659422
945 0.9651077793072215 263.3882481732649
946 0.9651077793072215 263.3882481732649
947 0.9651077793072215 263.3882481732649
948 0.9651077793072215 263.3882481732649
949 0.9651077793072215 263.3882481732649
950 0.9651077793072215 263.3882481732649
951 0.9651077793072215 263.3882481732649
952 1.0456287300611014 271.6338316659422
953 0.9651077793072215 263.3882481732649
954 0.9651077793072215 263.3882481732649
955 0.9651077793072215 263.3882481732649
956 0.9651077793072215 263.3882481732649
957 0.9651077793072215 263.3882481732649
958 0.9651077793072215 263.3882481732649
959 0.9651077793072215 263.3882481732649
960 0.9651077793072215 263.3882481732649
961 0.9651077793072215 263.3882481732649
962 0.9651077793072215 263.3882481732649
963 0.9651077793072215 263.3882481732649
964 0.9651077793072215 263.3882481732649
965 1.0456287300611014 271.6338316659422
966 1.0456287300611014 271.6338316659422
967 0.9651077793072215 263.3882481732649
968 0.9651077793072215 263.3882481732649
969 1.0456287300611014 271.6338316659422
970 0.9651077793072215 263.3882481732649
971 0.9651077793072215 263.3882481732649
972 0.9651077793072215 263.3882481732649
973 0.9651077793072215 263.3882481732649
974 0.9651077793072215 263.3882481732649
975 0.9651077793072215 263.3882481732649
976 0.9651077793072215 263.3882481732649
977 0.9651077793072215 263.3882481732649
978 0.9651077793072215 263.3882481732649
979 0.9651077793072215 263.3882481732649
980 0.9651077793072215 263.3882481732649
981 0.9651077793072215 263.3882481732649
982 0.9651077793072215 263.3882481732649
983 0.9651077793072215 263.3882481732649
984 0.9651077793072215 263.3882481732649
985 0.941089778545543 261.01046609785874
986 0.9651077793072215 263.3882481732649
987 0.9651077793072215 263.3882481732649
988 0.9651077793072215 263.3882481732649
989 0.941089778545543 261.01046609785874
990 0.941089778545543 261.01046609785874
991 0.941089778545543 261.01046609785874
992 0.9651077793072215 263.3882481732649
993 0.9651077793072215 263.3882481732649
994 0.9651077793072215 263.3882481732649
995 0.9651077793072215 263.3882481732649
996 0.9651077793072215 263.3882481732649
997 0.9651077793072215 263.3882481732649
998 0.9651077793072215 263.3882481732649
999 0.9651077793072215 263.3882481732649
1000 0.9651077793072215 263.3882481732649
1001 0.9651077793072215 263.3882481732649
1002 0.9651077793072215 263.3882481732649
1003 0.9651077793072215 263.3882481732649
1004 0.9651077793072215 263.3882481732649
1005 0.9651077793072215 263.3882481732649
1006 0.9651077793072215 263.3882481732649
1007 0.9651077793072215 263.3882481732649
1008 0.9651077793072215 263.3882481732649
1009 0.9651077793072215 263.3882481732649
1010 0.9651077793072215 263.3882481732649
1011 0.9651077793072215 263.3882481732649
1012 0.9651077793072215 263.3882481732649
1013 0.9651077793072215 263.3882481732649
1014 0.9651077793072215 263.3882481732649
1015 0.9651077793072215 263.3882481732649
1016 0.9651077793072215 263.3882481732649
1017 0.9651077793072215 263.3882481732649
1018 0.9651077793072215 263.3882481732649
1019 0.9651077793072215 263.3882481732649
1020 0.9651077793072215 263.3882481732649
1021 0.9651077793072215 263.3882481732649
1022 0.9651077793072215 263.3882481732649
1023 0.9651077793072215 263.3882481732649
