8.507348817149177194e+02 1.431366004981100559e+03 2.132229156326502784e-01
3.651856100838631392e+02 1.431366004981100559e+03 2.132229156326502784e-01
8.507348817149177194e+02 6.399454670026898384e+02 2.132229156326502784e-01
8.507348817149177194e+02 1.431366004981100559e+03 3.023161446675658448e-01
8.507348817149177194e+02 6.399454670026898384e+02 3.023161446675658448e-01
3.651856100838631392e+02 1.431366004981100559e+03 3.023161446675658448e-01
3.651856100838631392e+02 6.399454670026898384e+02 2.132229156326502784e-01
3.651856100838631392e+02 6.399454670026898384e+02 3.023161446675658448e-01
4.843469294728711247e+02 6.378191076219081879e+02 3.400313389953225629e-01
6.036455466989427805e+02 6.378191076219081879e+02 3.400313389953225629e-01
4.843469294728711247e+02 1.091630277223885059e+03 3.400313389953225629e-01
4.843469294728711247e+02 6.378191076219081879e+02 1.688407840207219179e-01
4.843469294728711247e+02 1.091630277223885059e+03 1.688407840207219179e-01
6.036455466989427805e+02 6.378191076219081879e+02 1.688407840207219179e-01
6.036455466989427805e+02 1.091630277223885059e+03 3.400313389953225629e-01
6.036455466989427805e+02 1.091630277223885059e+03 1.688407840207219179e-01
2.217707910612225533e+02 1.249740804545581341e+03 1.380809143185615651e-01
4.763530885614454746e+01 1.249740804545581341e+03 1.380809143185615651e-01
2.217707910612225533e+02 1.325075779110193253e+03 1.380809143185615651e-01
2.217707910612225533e+02 1.249740804545581341e+03 8.529089228250086308e-02
2.217707910612225533e+02 1.325075779110193253e+03 8.529089228250086308e-02
4.763530885614454746e+01 1.249740804545581341e+03 8.529089228250086308e-02
4.763530885614454746e+01 1.325075779110193253e+03 1.380809143185615651e-01
4.763530885614454746e+01 1.325075779110193253e+03 8.529089228250086308e-02
6.056389043740928173e+02 9.483813773840665817e+02 4.055062541738152504e-01
8.002327188830822706e+02 9.483813773840665817e+02 4.055062541738152504e-01
6.056389043740928173e+02 9.047590009868144989e+02 4.055062541738152504e-01
6.056389043740928173e+02 9.483813773840665817e+02 4.297070788685232179e-01
6.056389043740928173e+02 9.047590009868144989e+02 4.297070788685232179e-01
8.002327188830822706e+02 9.483813773840665817e+02 4.297070788685232179e-01
8.002327188830822706e+02 9.047590009868144989e+02 4.055062541738152504e-01
8.002327188830822706e+02 9.047590009868144989e+02 4.297070788685232179e-01
7.354795066900551319e+02 1.036496325396001339e+03 2.979602611158043146e-01
9.352248342949897051e+02 1.036496325396001339e+03 2.979602611158043146e-01
7.354795066900551319e+02 8.069696268066763878e+02 2.979602611158043146e-01
7.354795066900551319e+02 1.036496325396001339e+03 3.407141954638063797e-01
7.354795066900551319e+02 8.069696268066763878e+02 3.407141954638063797e-01
9.352248342949897051e+02 1.036496325396001339e+03 3.407141954638063797e-01
9.352248342949897051e+02 8.069696268066763878e+02 2.979602611158043146e-01
9.352248342949897051e+02 8.069696268066763878e+02 3.407141954638063797e-01
1.193605939745903015e+02 7.673615757375955582e+02 2.559540566522628402e-01
1.584817839618772268e+02 7.673615757375955582e+02 2.559540566522628402e-01
1.193605939745903015e+02 1.477354771457612514e+03 2.559540566522628402e-01
1.193605939745903015e+02 7.673615757375955582e+02 2.353604082949459775e-01
1.193605939745903015e+02 1.477354771457612514e+03 2.353604082949459775e-01
1.584817839618772268e+02 7.673615757375955582e+02 2.353604082949459775e-01
1.584817839618772268e+02 1.477354771457612514e+03 2.559540566522628402e-01
1.584817839618772268e+02 1.477354771457612514e+03 2.353604082949459775e-01
3.643158961581066251e+02 1.347027865238487720e+03 4.504477248527109512e-01
7.259644455965608358e+02 1.347027865238487720e+03 4.504477248527109512e-01
3.643158961581066251e+02 1.244122652336955070e+03 4.504477248527109512e-01
3.643158961581066251e+02 1.347027865238487720e+03 1.607145787682384142e-01
3.643158961581066251e+02 1.244122652336955070e+03 1.607145787682384142e-01
7.259644455965608358e+02 1.347027865238487720e+03 1.607145787682384142e-01
7.259644455965608358e+02 1.244122652336955070e+03 4.504477248527109512e-01
7.259644455965608358e+02 1.244122652336955070e+03 1.607145787682384142e-01
9.979530787700787187e+02 5.857055857777595520e+02 9.907117737457156459e-02
4.965290436167269945e+02 5.857055857777595520e+02 9.907117737457156459e-02
9.979530787700787187e+02 5.423689987510442734e+02 9.907117737457156459e-02
9.979530787700787187e+02 5.857055857777595520e+02 4.770023254211991914e-01
9.979530787700787187e+02 5.423689987510442734e+02 4.770023254211991914e-01
4.965290436167269945e+02 5.857055857777595520e+02 4.770023254211991914e-01
4.965290436167269945e+02 5.423689987510442734e+02 9.907117737457156459e-02
4.965290436167269945e+02 5.423689987510442734e+02 4.770023254211991914e-01
9.346757117956876755e+02 1.127701569348573685e+03 4.850820903200656065e-01
2.113665624912828207e+02 1.127701569348573685e+03 4.850820903200656065e-01
9.346757117956876755e+02 1.047691456042230129e+03 4.850820903200656065e-01
9.346757117956876755e+02 1.127701569348573685e+03 4.056269502267241256e-01
9.346757117956876755e+02 1.047691456042230129e+03 4.056269502267241256e-01
2.113665624912828207e+02 1.127701569348573685e+03 4.056269502267241256e-01
2.113665624912828207e+02 1.047691456042230129e+03 4.850820903200656065e-01
2.113665624912828207e+02 1.047691456042230129e+03 4.056269502267241256e-01
3.019865085519850254e+02 9.280863115563988686e+02 7.751054153777658939e-02
9.486260707993060350e+02 9.280863115563988686e+02 7.751054153777658939e-02
3.019865085519850254e+02 7.210065415129065514e+02 7.751054153777658939e-02
3.019865085519850254e+02 9.280863115563988686e+02 6.119703073054552633e-02
3.019865085519850254e+02 7.210065415129065514e+02 6.119703073054552633e-02
9.486260707993060350e+02 9.280863115563988686e+02 6.119703073054552633e-02
9.486260707993060350e+02 7.210065415129065514e+02 7.751054153777658939e-02
9.486260707993060350e+02 7.210065415129065514e+02 6.119703073054552633e-02
5.733328393939882517e+01 1.442139571532607079e+03 3.194111007265746371e-01
3.884307098109275103e+02 1.442139571532607079e+03 3.194111007265746371e-01
5.733328393939882517e+01 9.877755697816610336e+02 3.194111007265746371e-01
5.733328393939882517e+01 1.442139571532607079e+03 1.938541068229824305e-01
5.733328393939882517e+01 9.877755697816610336e+02 1.938541068229824305e-01
3.884307098109275103e+02 1.442139571532607079e+03 1.938541068229824305e-01
3.884307098109275103e+02 9.877755697816610336e+02 3.194111007265746371e-01
3.884307098109275103e+02 9.877755697816610336e+02 1.938541068229824305e-01
6.723879853682592511e+02 7.347118435427546501e+02 2.212097608484328015e-01
6.427788634058088064e+02 7.347118435427546501e+02 2.212097608484328015e-01
6.723879853682592511e+02 1.283092482015490532e+03 2.212097608484328015e-01
6.723879853682592511e+02 7.347118435427546501e+02 3.273432003799826018e-01
6.723879853682592511e+02 1.283092482015490532e+03 3.273432003799826018e-01
6.427788634058088064e+02 7.347118435427546501e+02 3.273432003799826018e-01
6.427788634058088064e+02 1.283092482015490532e+03 2.212097608484328015e-01
6.427788634058088064e+02 1.283092482015490532e+03 3.273432003799826018e-01
5.426092652352526784e+02 1.279432224109768867e+03 1.173991864081472269e-01
5.311995079461485147e+02 1.279432224109768867e+03 1.173991864081472269e-01
5.426092652352526784e+02 1.380668235011398792e+03 1.173991864081472269e-01
5.426092652352526784e+02 1.279432224109768867e+03 4.449004740454256535e-01
5.426092652352526784e+02 1.380668235011398792e+03 4.449004740454256535e-01
5.311995079461485147e+02 1.279432224109768867e+03 4.449004740454256535e-01
5.311995079461485147e+02 1.380668235011398792e+03 1.173991864081472269e-01
5.311995079461485147e+02 1.380668235011398792e+03 4.449004740454256535e-01
1.596814797529950738e+02 5.417291289195418358e+02 4.410195275675505289e-01
2.541686165910214186e+02 5.417291289195418358e+02 4.410195275675505289e-01
1.596814797529950738e+02 8.352829562500119209e+02 4.410195275675505289e-01
1.596814797529950738e+02 5.417291289195418358e+02 1.285989944823086317e-01
1.596814797529950738e+02 8.352829562500119209e+02 1.285989944823086317e-01
2.541686165910214186e+02 5.417291289195418358e+02 1.285989944823086317e-01
2.541686165910214186e+02 8.352829562500119209e+02 4.410195275675505289e-01
2.541686165910214186e+02 8.352829562500119209e+02 1.285989944823086317e-01
4.220795133672654629e+02 1.086088001728057861e+03 1.775997119024396165e-01
8.185047396700829268e+02 1.086088001728057861e+03 1.775997119024396165e-01
4.220795133672654629e+02 5.687277875840663910e+02 1.775997119024396165e-01
4.220795133672654629e+02 1.086088001728057861e+03 2.666376413311809523e-01
4.220795133672654629e+02 5.687277875840663910e+02 2.666376413311809523e-01
8.185047396700829268e+02 1.086088001728057861e+03 2.666376413311809523e-01
8.185047396700829268e+02 5.687277875840663910e+02 1.775997119024396165e-01
8.185047396700829268e+02 5.687277875840663910e+02 2.666376413311809523e-01
7.873956623300909996e+02 8.561974363401532173e+02 3.606032706797123177e-01
8.783032479323446751e+01 8.561974363401532173e+02 3.606032706797123177e-01
7.873956623300909996e+02 1.145481545478105545e+03 3.606032706797123177e-01
7.873956623300909996e+02 8.561974363401532173e+02 3.720051614101976267e-01
7.873956623300909996e+02 1.145481545478105545e+03 3.720051614101976267e-01
8.783032479323446751e+01 8.561974363401532173e+02 3.720051614101976267e-01
8.783032479323446751e+01 1.145481545478105545e+03 3.606032706797123177e-01
8.783032479323446751e+01 1.145481545478105545e+03 3.720051614101976267e-01
7.739837951753288507e+02 1.102610716596245766e+03 6.227518320083618580e-02
6.971922152172774076e+02 1.102610716596245766e+03 6.227518320083618580e-02
7.739837951753288507e+02 9.119813684374094009e+02 6.227518320083618580e-02
7.739837951753288507e+02 1.102610716596245766e+03 1.192791299428790919e-01
7.739837951753288507e+02 9.119813684374094009e+02 1.192791299428790919e-01
6.971922152172774076e+02 1.102610716596245766e+03 1.192791299428790919e-01
6.971922152172774076e+02 9.119813684374094009e+02 6.227518320083618580e-02
6.971922152172774076e+02 9.119813684374094009e+02 1.192791299428790919e-01
3.930533959623426199e+02 8.413495114073157310e+02 4.980111772194504849e-01
4.589609389994293451e+02 8.413495114073157310e+02 4.980111772194504849e-01
3.930533959623426199e+02 1.366485582664608955e+03 4.980111772194504849e-01
3.930533959623426199e+02 8.413495114073157310e+02 4.639151436742395274e-01
3.930533959623426199e+02 1.366485582664608955e+03 4.639151436742395274e-01
4.589609389994293451e+02 8.413495114073157310e+02 4.639151436742395274e-01
4.589609389994293451e+02 1.366485582664608955e+03 4.980111772194504849e-01
4.589609389994293451e+02 1.366485582664608955e+03 4.639151436742395274e-01
1.540743038197979331e+02 1.295985333621501923e+03 2.332179925870150328e-01
8.937698676381260157e+02 1.295985333621501923e+03 2.332179925870150328e-01
1.540743038197979331e+02 1.100048164837062359e+03 2.332179925870150328e-01
1.540743038197979331e+02 1.295985333621501923e+03 3.821178064681589603e-01
1.540743038197979331e+02 1.100048164837062359e+03 3.821178064681589603e-01
8.937698676381260157e+02 1.295985333621501923e+03 3.821178064681589603e-01
8.937698676381260157e+02 1.100048164837062359e+03 2.332179925870150328e-01
8.937698676381260157e+02 1.100048164837062359e+03 3.821178064681589603e-01
5.213878241656348109e+02 5.269115986302495003e+02 3.033370701130479463e-01
1.414011031221598387e+02 5.269115986302495003e+02 3.033370701130479463e-01
5.213878241656348109e+02 6.766759185120463371e+02 3.033370701130479463e-01
5.213878241656348109e+02 5.269115986302495003e+02 2.484228332526982053e-01
5.213878241656348109e+02 6.766759185120463371e+02 2.484228332526982053e-01
1.414011031221598387e+02 5.269115986302495003e+02 2.484228332526982053e-01
1.414011031221598387e+02 6.766759185120463371e+02 3.033370701130479463e-01
1.414011031221598387e+02 6.766759185120463371e+02 2.484228332526982053e-01
6.394605997456237674e+02 1.490194331854581833e+03 4.282554090954363568e-01
2.263246165588498116e+00 1.490194331854581833e+03 4.282554090954363568e-01
6.394605997456237674e+02 5.163786709308624268e+02 4.282554090954363568e-01
6.394605997456237674e+02 1.490194331854581833e+03 7.374335215426981727e-02
6.394605997456237674e+02 5.163786709308624268e+02 7.374335215426981727e-02
2.263246165588498116e+00 1.490194331854581833e+03 7.374335215426981727e-02
2.263246165588498116e+00 5.163786709308624268e+02 4.282554090954363568e-01
2.263246165588498116e+00 5.163786709308624268e+02 7.374335215426981727e-02
8.799240059219300747e+00 6.888959640637040138e+02 1.326893012039363495e-01
7.792654290702193975e+02 6.888959640637040138e+02 1.326893012039363495e-01
8.799240059219300747e+00 1.189804501831531525e+03 1.326893012039363495e-01
8.799240059219300747e+00 6.888959640637040138e+02 3.902509393636137136e-01
8.799240059219300747e+00 1.189804501831531525e+03 3.902509393636137136e-01
7.792654290702193975e+02 6.888959640637040138e+02 3.902509393636137136e-01
7.792654290702193975e+02 1.189804501831531525e+03 1.326893012039363495e-01
7.792654290702193975e+02 1.189804501831531525e+03 3.902509393636137136e-01
2.612544168215245008e+02 1.175726173445582390e+03 3.768421372864395602e-01
3.403009711708873510e+02 1.175726173445582390e+03 3.768421372864395602e-01
2.612544168215245008e+02 1.456454829312860966e+03 3.768421372864395602e-01
2.612544168215245008e+02 1.175726173445582390e+03 3.138386061415076034e-01
2.612544168215245008e+02 1.456454829312860966e+03 3.138386061415076034e-01
3.403009711708873510e+02 1.175726173445582390e+03 3.138386061415076034e-01
3.403009711708873510e+02 1.456454829312860966e+03 3.768421372864395602e-01
3.403009711708873510e+02 1.456454829312860966e+03 3.138386061415076034e-01
8.783370064664632082e+02 8.822402758523821831e+02 1.656463724095374457e-01
5.699955206084996462e+02 8.822402758523821831e+02 1.656463724095374457e-01
8.783370064664632082e+02 7.518975073471665382e+02 1.656463724095374457e-01
8.783370064664632082e+02 8.822402758523821831e+02 2.082651929929852375e-01
8.783370064664632082e+02 7.518975073471665382e+02 2.082651929929852375e-01
5.699955206084996462e+02 8.822402758523821831e+02 2.082651929929852375e-01
5.699955206084996462e+02 7.518975073471665382e+02 1.656463724095374457e-01
5.699955206084996462e+02 7.518975073471665382e+02 2.082651929929852375e-01
9.411236962592229247e+02 1.330501458607614040e+03 3.552265706472098605e-01
8.550660567488521338e+02 1.330501458607614040e+03 3.552265706472098605e-01
9.411236962592229247e+02 1.275656394660472870e+03 3.552265706472098605e-01
9.411236962592229247e+02 1.330501458607614040e+03 2.234492079820484256e-01
9.411236962592229247e+02 1.275656394660472870e+03 2.234492079820484256e-01
8.550660567488521338e+02 1.330501458607614040e+03 2.234492079820484256e-01
8.550660567488521338e+02 1.275656394660472870e+03 3.552265706472098605e-01
8.550660567488521338e+02 1.275656394660472870e+03 2.234492079820484256e-01
3.230988882286474109e+02 6.005498189479112625e+02 2.003356703557074292e-01
1.176083899904042482e+02 6.005498189479112625e+02 2.003356703557074292e-01
3.230988882286474109e+02 9.461522847414016724e+02 2.003356703557074292e-01
3.230988882286474109e+02 6.005498189479112625e+02 3.571579141076653974e-01
3.230988882286474109e+02 9.461522847414016724e+02 3.571579141076653974e-01
1.176083899904042482e+02 6.005498189479112625e+02 3.571579141076653974e-01
1.176083899904042482e+02 9.461522847414016724e+02 2.003356703557074292e-01
1.176083899904042482e+02 9.461522847414016724e+02 3.571579141076653974e-01
7.033592501468956470e+01 1.019939278252422810e+03 3.934561808127909899e-01
5.492245731223374605e+02 1.019939278252422810e+03 3.934561808127909899e-01
7.033592501468956470e+01 7.128023589029908180e+02 3.934561808127909899e-01
7.033592501468956470e+01 1.019939278252422810e+03 4.880658672191202641e-01
7.033592501468956470e+01 7.128023589029908180e+02 4.880658672191202641e-01
5.492245731223374605e+02 1.019939278252422810e+03 4.880658672191202641e-01
5.492245731223374605e+02 7.128023589029908180e+02 3.934561808127909899e-01
5.492245731223374605e+02 7.128023589029908180e+02 4.880658672191202641e-01
7.020671676527708769e+02 7.821751683950424194e+02 1.541950716171413549e-01
2.946782461907714605e+02 7.821751683950424194e+02 1.541950716171413549e-01
7.020671676527708769e+02 1.011174471117556095e+03 1.541950716171413549e-01
7.020671676527708769e+02 7.821751683950424194e+02 1.434161205776035841e-01
7.020671676527708769e+02 1.011174471117556095e+03 1.434161205776035841e-01
2.946782461907714605e+02 7.821751683950424194e+02 1.434161205776035841e-01
2.946782461907714605e+02 1.011174471117556095e+03 1.541950716171413549e-01
2.946782461907714605e+02 1.011174471117556095e+03 1.434161205776035841e-01
5.839344451036304235e+02 1.201697126962244511e+03 2.687861951068044042e-01
4.104043108019977808e+02 1.201697126962244511e+03 2.687861951068044042e-01
5.839344451036304235e+02 1.171258093789219856e+03 2.687861951068044042e-01
5.839344451036304235e+02 1.201697126962244511e+03 1.770310907159000635e-01
5.839344451036304235e+02 1.171258093789219856e+03 1.770310907159000635e-01
4.104043108019977808e+02 1.201697126962244511e+03 1.770310907159000635e-01
4.104043108019977808e+02 1.171258093789219856e+03 2.687861951068044042e-01
4.104043108019977808e+02 1.171258093789219856e+03 1.770310907159000635e-01
2.156710548344999552e+02 9.942083396017551422e+02 2.826004080474376901e-01
6.871455676387995481e+02 9.942083396017551422e+02 2.826004080474376901e-01
2.156710548344999552e+02 6.228323969990015030e+02 2.826004080474376901e-01
2.156710548344999552e+02 9.942083396017551422e+02 2.826182367745787016e-01
2.156710548344999552e+02 6.228323969990015030e+02 2.826182367745787016e-01
6.871455676387995481e+02 9.942083396017551422e+02 2.826182367745787016e-01
6.871455676387995481e+02 6.228323969990015030e+02 2.826004080474376901e-01
6.871455676387995481e+02 6.228323969990015030e+02 2.826182367745787016e-01
4.548377715377137065e+02 1.383353206329047680e+03 8.290204904042183798e-02
2.440717278849333525e+02 1.383353206329047680e+03 8.290204904042183798e-02
4.548377715377137065e+02 8.563966630026698112e+02 8.290204904042183798e-02
4.548377715377137065e+02 1.383353206329047680e+03 4.224199524149298557e-01
4.548377715377137065e+02 8.563966630026698112e+02 4.224199524149298557e-01
2.440717278849333525e+02 1.383353206329047680e+03 4.224199524149298557e-01
2.440717278849333525e+02 8.563966630026698112e+02 8.290204904042183798e-02
2.440717278849333525e+02 8.563966630026698112e+02 4.224199524149298557e-01
8.368304617097601295e+02 6.836769487708806992e+02 4.623330443631857856e-01
9.744565231297165155e+02 6.836769487708806992e+02 4.623330443631857856e-01
8.368304617097601295e+02 1.435953880660235882e+03 4.623330443631857856e-01
8.368304617097601295e+02 6.836769487708806992e+02 1.058986322954297010e-01
8.368304617097601295e+02 1.435953880660235882e+03 1.058986322954297010e-01
9.744565231297165155e+02 6.836769487708806992e+02 1.058986322954297010e-01
9.744565231297165155e+02 1.435953880660235882e+03 4.623330443631857856e-01
9.744565231297165155e+02 1.435953880660235882e+03 1.058986322954297010e-01
8.245640922645106912e+02 1.232126403599977493e+03 3.259320881217718235e-01
5.815908453632146120e+02 1.232126403599977493e+03 3.259320881217718235e-01
8.245640922645106912e+02 5.512063773348927498e+02 3.259320881217718235e-01
8.245640922645106912e+02 1.232126403599977493e+03 1.391583233140409048e-01
8.245640922645106912e+02 5.512063773348927498e+02 1.391583233140409048e-01
5.815908453632146120e+02 1.232126403599977493e+03 1.391583233140409048e-01
5.815908453632146120e+02 5.512063773348927498e+02 3.259320881217718235e-01
5.815908453632146120e+02 5.512063773348927498e+02 1.391583233140409048e-01
4.435608099224045873e+02 9.620780060067772865e+02 2.272947316989302746e-01
3.287070754971355200e+02 9.620780060067772865e+02 2.272947316989302746e-01
4.435608099224045873e+02 1.225551594980061054e+03 2.272947316989302746e-01
4.435608099224045873e+02 9.620780060067772865e+02 4.976507361046970113e-01
4.435608099224045873e+02 1.225551594980061054e+03 4.976507361046970113e-01
3.287070754971355200e+02 9.620780060067772865e+02 4.976507361046970113e-01
3.287070754971355200e+02 1.225551594980061054e+03 2.272947316989302746e-01
3.287070754971355200e+02 1.225551594980061054e+03 4.976507361046970113e-01
1.966972380653023720e+02 1.417688434943556786e+03 4.757836285512894170e-01
7.596362875010818243e+02 1.417688434943556786e+03 4.757836285512894170e-01
1.966972380653023720e+02 1.491951089352369308e+03 4.757836285512894170e-01
1.966972380653023720e+02 1.417688434943556786e+03 3.472983903717249410e-01
1.966972380653023720e+02 1.491951089352369308e+03 3.472983903717249410e-01
7.596362875010818243e+02 1.417688434943556786e+03 3.472983903717249410e-01
7.596362875010818243e+02 1.491951089352369308e+03 4.757836285512894170e-01
7.596362875010818243e+02 1.491951089352369308e+03 3.472983903717249410e-01
5.639988494031131268e+02 6.554525671526789665e+02 6.777605651877821602e-02
2.189000593312084675e+01 6.554525671526789665e+02 6.777605651877821602e-02
5.639988494031131268e+02 7.864819802343845367e+02 6.777605651877821602e-02
5.639988494031131268e+02 6.554525671526789665e+02 2.278718035202473291e-01
5.639988494031131268e+02 7.864819802343845367e+02 2.278718035202473291e-01
2.189000593312084675e+01 6.554525671526789665e+02 2.278718035202473291e-01
2.189000593312084675e+01 7.864819802343845367e+02 6.777605651877821602e-02
2.189000593312084675e+01 7.864819802343845367e+02 2.278718035202473291e-01
7.132377371676266193e+02 1.360678719356656075e+03 1.856630784459412098e-01
1.529816607069224119e+02 1.360678719356656075e+03 1.856630784459412098e-01
7.132377371676266193e+02 8.764212494716048241e+02 1.856630784459412098e-01
7.132377371676266193e+02 1.360678719356656075e+03 9.274363592267037548e-02
7.132377371676266193e+02 8.764212494716048241e+02 9.274363592267037548e-02
1.529816607069224119e+02 1.360678719356656075e+03 9.274363592267037548e-02
1.529816607069224119e+02 8.764212494716048241e+02 1.856630784459412098e-01
1.529816607069224119e+02 8.764212494716048241e+02 9.274363592267037548e-02
8.246538552641868591e+01 5.681674843654036522e+02 3.682237542234361172e-01
8.821916918549686670e+02 5.681674843654036522e+02 3.682237542234361172e-01
8.246538552641868591e+01 1.331959201954305172e+03 3.682237542234361172e-01
8.246538552641868591e+01 5.681674843654036522e+02 4.231076221913099289e-01
8.246538552641868591e+01 1.331959201954305172e+03 4.231076221913099289e-01
8.821916918549686670e+02 5.681674843654036522e+02 4.231076221913099289e-01
8.821916918549686670e+02 1.331959201954305172e+03 3.682237542234361172e-01
8.821916918549686670e+02 1.331959201954305172e+03 4.231076221913099289e-01
3.431713630901649594e+02 1.054022967815399170e+03 1.131570088211447112e-01
4.393170302603393793e+02 1.054022967815399170e+03 1.131570088211447112e-01
3.431713630901649594e+02 1.065284332260489464e+03 1.131570088211447112e-01
3.431713630901649594e+02 1.054022967815399170e+03 2.816559054423123931e-01
3.431713630901649594e+02 1.065284332260489464e+03 2.816559054423123931e-01
4.393170302603393793e+02 1.054022967815399170e+03 2.816559054423123931e-01
4.393170302603393793e+02 1.065284332260489464e+03 1.131570088211447112e-01
4.393170302603393793e+02 1.065284332260489464e+03 2.816559054423123931e-01
9.602039349013939500e+02 7.536992626264691353e+02 4.363344602752476931e-01
7.168346948754042387e+02 7.536992626264691353e+02 4.363344602752476931e-01
9.602039349013939500e+02 6.408707480877637863e+02 4.363344602752476931e-01
9.602039349013939500e+02 7.536992626264691353e+02 1.903508786577731704e-01
9.602039349013939500e+02 6.408707480877637863e+02 1.903508786577731704e-01
7.168346948754042387e+02 7.536992626264691353e+02 1.903508786577731704e-01
7.168346948754042387e+02 6.408707480877637863e+02 4.363344602752476931e-01
7.168346948754042387e+02 6.408707480877637863e+02 1.903508786577731704e-01
8.983938172608613968e+02 1.459772982634603977e+03 1.477913751266896614e-01
9.862957443688064814e+02 1.459772982634603977e+03 1.477913751266896614e-01
8.983938172608613968e+02 1.136675535701215267e+03 1.477913751266896614e-01
8.983938172608613968e+02 1.459772982634603977e+03 2.600397436879575142e-01
8.983938172608613968e+02 1.136675535701215267e+03 2.600397436879575142e-01
9.862957443688064814e+02 1.459772982634603977e+03 2.600397436879575142e-01
9.862957443688064814e+02 1.136675535701215267e+03 1.477913751266896614e-01
9.862957443688064814e+02 1.136675535701215267e+03 2.600397436879575142e-01
2.803504311777651310e+02 7.210342250764369965e+02 4.147738252766430267e-01
2.322339357268065214e+02 7.210342250764369965e+02 4.147738252766430267e-01
2.803504311777651310e+02 5.873304223641753197e+02 4.147738252766430267e-01
2.803504311777651310e+02 7.210342250764369965e+02 3.794525976292789093e-01
2.803504311777651310e+02 5.873304223641753197e+02 3.794525976292789093e-01
2.322339357268065214e+02 7.210342250764369965e+02 3.794525976292789093e-01
2.322339357268065214e+02 5.873304223641753197e+02 4.147738252766430267e-01
2.322339357268065214e+02 5.873304223641753197e+02 3.794525976292789093e-01
1.995403386000543833e+01 1.141398276202380657e+03 2.071139172185212374e-01
6.677603225540369749e+02 1.141398276202380657e+03 2.071139172185212374e-01
1.995403386000543833e+01 8.206552993506193161e+02 2.071139172185212374e-01
1.995403386000543833e+01 1.141398276202380657e+03 4.664155609440058248e-01
1.995403386000543833e+01 8.206552993506193161e+02 4.664155609440058248e-01
6.677603225540369749e+02 1.141398276202380657e+03 4.664155609440058248e-01
6.677603225540369749e+02 8.206552993506193161e+02 2.071139172185212374e-01
6.677603225540369749e+02 8.206552993506193161e+02 4.664155609440058248e-01
6.516057243244722486e+02 9.104719888418912888e+02 3.334794575814157835e-01
4.297871740851551294e+02 9.104719888418912888e+02 3.334794575814157835e-01
6.516057243244722486e+02 1.401124274358153343e+03 3.334794575814157835e-01
6.516057243244722486e+02 9.104719888418912888e+02 1.079368810635060183e-01
6.516057243244722486e+02 1.401124274358153343e+03 1.079368810635060183e-01
4.297871740851551294e+02 9.104719888418912888e+02 1.079368810635060183e-01
4.297871740851551294e+02 1.401124274358153343e+03 3.334794575814157835e-01
4.297871740851551294e+02 1.401124274358153343e+03 1.079368810635060183e-01
5.024288378329947591e+02 1.072425647638738155e+03 4.551018981263041385e-01
3.065027002599090338e+02 1.072425647638738155e+03 4.551018981263041385e-01
5.024288378329947591e+02 1.311459665186703205e+03 4.551018981263041385e-01
5.024288378329947591e+02 1.072425647638738155e+03 2.145005293190479501e-01
5.024288378329947591e+02 1.311459665186703205e+03 2.145005293190479501e-01
3.065027002599090338e+02 1.072425647638738155e+03 2.145005293190479501e-01
3.065027002599090338e+02 1.311459665186703205e+03 4.551018981263041385e-01
3.065027002599090338e+02 1.311459665186703205e+03 2.145005293190479501e-01
1.341240042159333825e+02 8.737240377813577652e+02 1.032893273979425541e-01
5.374025008548051119e+02 8.737240377813577652e+02 1.032893273979425541e-01
1.341240042159333825e+02 9.809218468144536018e+02 1.032893273979425541e-01
1.341240042159333825e+02 8.737240377813577652e+02 3.057918231934309006e-01
1.341240042159333825e+02 9.809218468144536018e+02 3.057918231934309006e-01
5.374025008548051119e+02 8.737240377813577652e+02 3.057918231934309006e-01
5.374025008548051119e+02 9.809218468144536018e+02 1.032893273979425541e-01
5.374025008548051119e+02 9.809218468144536018e+02 3.057918231934309006e-01
3.808017304204404354e+02 1.261894193477928638e+03 2.903088869061321020e-01
9.820837773568928242e+01 1.261894193477928638e+03 2.903088869061321020e-01
3.808017304204404354e+02 7.473230250179767609e+02 2.903088869061321020e-01
3.808017304204404354e+02 1.261894193477928638e+03 3.981329240370541922e-01
3.808017304204404354e+02 7.473230250179767609e+02 3.981329240370541922e-01
9.820837773568928242e+01 1.261894193477928638e+03 3.981329240370541922e-01
9.820837773568928242e+01 7.473230250179767609e+02 2.903088869061321020e-01
9.820837773568928242e+01 7.473230250179767609e+02 3.981329240370541922e-01
7.626920031234622002e+02 5.553800538182258606e+02 2.478666658978909143e-01
8.744646399226039648e+02 5.553800538182258606e+02 2.478666658978909143e-01
7.626920031234622002e+02 1.046736504882574081e+03 2.478666658978909143e-01
7.626920031234622002e+02 5.553800538182258606e+02 6.778267067857086936e-02
7.626920031234622002e+02 1.046736504882574081e+03 6.778267067857086936e-02
8.744646399226039648e+02 5.553800538182258606e+02 6.778267067857086936e-02
8.744646399226039648e+02 1.046736504882574081e+03 2.478666658978909143e-01
8.744646399226039648e+02 1.046736504882574081e+03 6.778267067857086936e-02
7.995188817773014307e+02 1.309662840329110622e+03 3.995385784190148004e-01
4.847045895475894213e+02 1.309662840329110622e+03 3.995385784190148004e-01
7.995188817773014307e+02 7.802614737302064896e+02 3.995385784190148004e-01
7.995188817773014307e+02 1.309662840329110622e+03 3.213291965890675561e-01
7.995188817773014307e+02 7.802614737302064896e+02 3.213291965890675561e-01
4.847045895475894213e+02 1.309662840329110622e+03 3.213291965890675561e-01
4.847045895475894213e+02 7.802614737302064896e+02 3.995385784190148004e-01
4.847045895475894213e+02 7.802614737302064896e+02 3.213291965890675561e-01
4.332409687694162130e+02 5.092780608683824539e+02 1.607203522231429871e-01
7.377865178640931845e+02 5.092780608683824539e+02 1.607203522231429871e-01
4.332409687694162130e+02 1.449605280533432961e+03 1.607203522231429871e-01
4.332409687694162130e+02 5.092780608683824539e+02 2.016829837579280360e-01
4.332409687694162130e+02 1.449605280533432961e+03 2.016829837579280360e-01
7.377865178640931845e+02 5.092780608683824539e+02 2.016829837579280360e-01
7.377865178640931845e+02 1.449605280533432961e+03 1.607203522231429871e-01
7.377865178640931845e+02 1.449605280533432961e+03 2.016829837579280360e-01
1.787555740913376212e+02 1.120225165970623493e+03 3.454877924174070136e-01
1.778817962165921926e+02 1.120225165970623493e+03 3.454877924174070136e-01
1.787555740913376212e+02 1.216131838969886303e+03 3.454877924174070136e-01
1.787555740913376212e+02 1.120225165970623493e+03 5.309349223971367160e-02
1.787555740913376212e+02 1.216131838969886303e+03 5.309349223971367160e-02
1.778817962165921926e+02 1.120225165970623493e+03 5.309349223971367160e-02
1.778817962165921926e+02 1.216131838969886303e+03 3.454877924174070136e-01
1.778817962165921926e+02 1.216131838969886303e+03 5.309349223971367160e-02
5.626727525172755122e+02 8.276529163122177124e+02 1.910397818312049023e-01
9.158262511212378740e+02 8.276529163122177124e+02 1.910397818312049023e-01
5.626727525172755122e+02 5.154119236394762993e+02 1.910397818312049023e-01
5.626727525172755122e+02 8.276529163122177124e+02 4.118057455867528693e-01
5.626727525172755122e+02 5.154119236394762993e+02 4.118057455867528693e-01
9.158262511212378740e+02 8.276529163122177124e+02 4.118057455867528693e-01
9.158262511212378740e+02 5.154119236394762993e+02 1.910397818312049023e-01
9.158262511212378740e+02 5.154119236394762993e+02 4.118057455867528693e-01
6.611200187755748630e+02 1.158199445344507694e+03 9.052510582841932774e-02
7.883934976439923048e+02 1.158199445344507694e+03 9.052510582841932774e-02
6.611200187755748630e+02 6.678743138909339905e+02 9.052510582841932774e-02
6.611200187755748630e+02 1.158199445344507694e+03 3.606061569880694151e-01
6.611200187755748630e+02 6.678743138909339905e+02 3.606061569880694151e-01
7.883934976439923048e+02 1.158199445344507694e+03 3.606061569880694151e-01
7.883934976439923048e+02 6.678743138909339905e+02 9.052510582841932774e-02
7.883934976439923048e+02 6.678743138909339905e+02 3.606061569880694151e-01
4.507303646858781576e+01 8.959025181829929352e+02 4.703921176958829053e-01
5.947310101427137852e+01 8.959025181829929352e+02 4.703921176958829053e-01
4.507303646858781576e+01 1.118647336959838867e+03 4.703921176958829053e-01
4.507303646858781576e+01 8.959025181829929352e+02 2.690815176349133364e-01
4.507303646858781576e+01 1.118647336959838867e+03 2.690815176349133364e-01
5.947310101427137852e+01 8.959025181829929352e+02 2.690815176349133364e-01
5.947310101427137852e+01 1.118647336959838867e+03 4.703921176958829053e-01
5.947310101427137852e+01 1.118647336959838867e+03 2.690815176349133364e-01
2.820600195210427046e+02 1.476543518714606762e+03 2.641054210253059864e-01
6.230307917837053537e+02 1.476543518714606762e+03 2.641054210253059864e-01
2.820600195210427046e+02 1.351845883764326572e+03 2.641054210253059864e-01
2.820600195210427046e+02 1.476543518714606762e+03 1.258804633282125107e-01
2.820600195210427046e+02 1.351845883764326572e+03 1.258804633282125107e-01
6.230307917837053537e+02 1.476543518714606762e+03 1.258804633282125107e-01
6.230307917837053537e+02 1.351845883764326572e+03 2.641054210253059864e-01
6.230307917837053537e+02 1.351845883764326572e+03 1.258804633282125107e-01
9.157081584203988314e+02 7.064341213554143906e+02 2.783556572161615117e-01
3.458027468007057905e+02 7.064341213554143906e+02 2.783556572161615117e-01
9.157081584203988314e+02 9.324484923854470253e+02 2.783556572161615117e-01
9.157081584203988314e+02 7.064341213554143906e+02 4.564642767421901448e-01
9.157081584203988314e+02 9.324484923854470253e+02 4.564642767421901448e-01
3.458027468007057905e+02 7.064341213554143906e+02 4.564642767421901448e-01
3.458027468007057905e+02 9.324484923854470253e+02 2.783556572161615117e-01
3.458027468007057905e+02 9.324484923854470253e+02 4.564642767421901448e-01
9.780108065819367766e+02 1.006242522969841957e+03 2.424898535478860473e-01
7.624976720847189426e+01 1.006242522969841957e+03 2.424898535478860473e-01
9.780108065819367766e+02 1.407619580626487732e+03 2.424898535478860473e-01
9.780108065819367766e+02 1.006242522969841957e+03 4.430836223531514628e-01
9.780108065819367766e+02 1.407619580626487732e+03 4.430836223531514628e-01
7.624976720847189426e+01 1.006242522969841957e+03 4.430836223531514628e-01
7.624976720847189426e+01 1.407619580626487732e+03 2.424898535478860473e-01
7.624976720847189426e+01 1.407619580626487732e+03 4.430836223531514628e-01
3.453639994068071246e+02 7.997894575819373131e+02 3.130449543241411448e-01
8.300829154532402754e+02 7.997894575819373131e+02 3.130449543241411448e-01
3.453639994068071246e+02 8.632756695151329041e+02 3.130449543241411448e-01
3.453639994068071246e+02 7.997894575819373131e+02 8.438510191626846790e-02
3.453639994068071246e+02 8.632756695151329041e+02 8.438510191626846790e-02
8.300829154532402754e+02 7.997894575819373131e+02 8.438510191626846790e-02
8.300829154532402754e+02 8.632756695151329041e+02 3.130449543241411448e-01
8.300829154532402754e+02 8.632756695151329041e+02 8.438510191626846790e-02
1.080769707579165697e+02 1.312868110835552216e+03 5.572587838396430432e-02
2.738125253301113844e+02 1.312868110835552216e+03 5.572587838396430432e-02
1.080769707579165697e+02 5.964753637090325356e+02 5.572587838396430432e-02
1.080769707579165697e+02 1.312868110835552216e+03 1.695817761123180611e-01
1.080769707579165697e+02 5.964753637090325356e+02 1.695817761123180611e-01
2.738125253301113844e+02 1.312868110835552216e+03 1.695817761123180611e-01
2.738125253301113844e+02 5.964753637090325356e+02 5.572587838396430432e-02
2.738125253301113844e+02 5.964753637090325356e+02 1.695817761123180611e-01
7.232350423764437437e+02 6.142275156453251839e+02 4.918978889472782612e-01
5.115570282880216837e+02 6.142275156453251839e+02 4.918978889472782612e-01
7.232350423764437437e+02 1.172195413149893284e+03 4.918978889472782612e-01
7.232350423764437437e+02 6.142275156453251839e+02 2.892142560333013646e-01
7.232350423764437437e+02 1.172195413149893284e+03 2.892142560333013646e-01
5.115570282880216837e+02 6.142275156453251839e+02 2.892142560333013646e-01
5.115570282880216837e+02 1.172195413149893284e+03 4.918978889472782612e-01
5.115570282880216837e+02 1.172195413149893284e+03 2.892142560333013646e-01
6.247277100589126348e+02 1.400891195982694626e+03 3.810559974517673254e-01
6.311835386510938406e+02 1.400891195982694626e+03 3.810559974517673254e-01
6.247277100589126348e+02 1.020007679238915443e+03 3.810559974517673254e-01
6.247277100589126348e+02 1.400891195982694626e+03 4.814782432746141927e-01
6.247277100589126348e+02 1.020007679238915443e+03 4.814782432746141927e-01
6.311835386510938406e+02 1.400891195982694626e+03 4.814782432746141927e-01
6.311835386510938406e+02 1.020007679238915443e+03 3.810559974517673254e-01
6.311835386510938406e+02 1.020007679238915443e+03 4.814782432746141927e-01
2.418194553498178720e+02 6.700259679928421974e+02 1.703031222801655586e-01
4.000246054846793413e+02 6.700259679928421974e+02 1.703031222801655586e-01
2.418194553498178720e+02 6.942345220595598221e+02 1.703031222801655586e-01
2.418194553498178720e+02 6.700259679928421974e+02 1.509081627707928308e-01
2.418194553498178720e+02 6.942345220595598221e+02 1.509081627707928308e-01
4.000246054846793413e+02 6.700259679928421974e+02 1.509081627707928308e-01
4.000246054846793413e+02 6.942345220595598221e+02 1.703031222801655586e-01
4.000246054846793413e+02 6.942345220595598221e+02 1.509081627707928308e-01
4.964849719135090709e+02 1.215359566733241081e+03 4.201654417440295330e-01
9.682552123684436083e+02 1.215359566733241081e+03 4.201654417440295330e-01
4.964849719135090709e+02 9.607604099437594414e+02 4.201654417440295330e-01
4.964849719135090709e+02 1.215359566733241081e+03 2.450020327232778072e-01
4.964849719135090709e+02 9.607604099437594414e+02 2.450020327232778072e-01
9.682552123684436083e+02 1.215359566733241081e+03 2.450020327232778072e-01
9.682552123684436083e+02 9.607604099437594414e+02 4.201654417440295330e-01
9.682552123684436083e+02 9.607604099437594414e+02 2.450020327232778072e-01
8.618816257705911994e+02 9.766818089410662651e+02 1.250422168523073196e-01
1.917398027237504721e+02 9.766818089410662651e+02 1.250422168523073196e-01
8.618816257705911994e+02 1.255157905630767345e+03 1.250422168523073196e-01
8.618816257705911994e+02 9.766818089410662651e+02 3.365129391662776692e-01
8.618816257705911994e+02 1.255157905630767345e+03 3.365129391662776692e-01
1.917398027237504721e+02 9.766818089410662651e+02 3.365129391662776692e-01
1.917398027237504721e+02 1.255157905630767345e+03 1.250422168523073196e-01
1.917398027237504721e+02 1.255157905630767345e+03 3.365129391662776692e-01
8.719356932193040848e+02 1.057780532166361809e+03 4.368634631391614676e-01
8.397346603255718946e+02 1.057780532166361809e+03 4.368634631391614676e-01
8.719356932193040848e+02 1.231254509650170803e+03 4.368634631391614676e-01
8.719356932193040848e+02 1.057780532166361809e+03 4.487283702008426078e-01
8.719356932193040848e+02 1.231254509650170803e+03 4.487283702008426078e-01
8.397346603255718946e+02 1.057780532166361809e+03 4.487283702008426078e-01
8.397346603255718946e+02 1.231254509650170803e+03 4.368634631391614676e-01
8.397346603255718946e+02 1.231254509650170803e+03 4.487283702008426078e-01
4.899731477238237858e+02 7.653298480436205864e+02 1.136176019441336449e-01
7.057134377397596836e+01 7.653298480436205864e+02 1.136176019441336449e-01
4.899731477238237858e+02 5.608690669760107994e+02 1.136176019441336449e-01
4.899731477238237858e+02 7.653298480436205864e+02 1.322070567868650071e-01
4.899731477238237858e+02 5.608690669760107994e+02 1.322070567868650071e-01
7.057134377397596836e+01 7.653298480436205864e+02 1.322070567868650071e-01
7.057134377397596836e+01 5.608690669760107994e+02 1.136176019441336449e-01
7.057134377397596836e+01 5.608690669760107994e+02 1.322070567868650071e-01
2.430036805951967835e+02 1.372249107807874680e+03 3.643577547743916401e-01
5.016913380865007639e+02 1.372249107807874680e+03 3.643577547743916401e-01
2.430036805951967835e+02 7.962667401880025864e+02 3.643577547743916401e-01
2.430036805951967835e+02 1.372249107807874680e+03 2.632218699436634779e-01
2.430036805951967835e+02 7.962667401880025864e+02 2.632218699436634779e-01
5.016913380865007639e+02 1.372249107807874680e+03 2.632218699436634779e-01
5.016913380865007639e+02 7.962667401880025864e+02 3.643577547743916401e-01
5.016913380865007639e+02 7.962667401880025864e+02 2.632218699436634779e-01
6.112362116472795606e+02 5.719859534874558449e+02 1.817279450595378765e-01
2.798277950566262007e+02 5.719859534874558449e+02 1.817279450595378765e-01
6.112362116472795606e+02 1.498020214959979057e+03 1.817279450595378765e-01
6.112362116472795606e+02 5.719859534874558449e+02 3.688090092968195899e-01
6.112362116472795606e+02 1.498020214959979057e+03 3.688090092968195899e-01
2.798277950566262007e+02 5.719859534874558449e+02 3.688090092968195899e-01
2.798277950566262007e+02 1.498020214959979057e+03 1.817279450595378765e-01
2.798277950566262007e+02 1.498020214959979057e+03 3.688090092968195899e-01
7.293696338506415486e+02 1.413870237767696381e+03 7.418216657824815152e-02
3.945857912916690111e+02 1.413870237767696381e+03 7.418216657824815152e-02
7.293696338506415486e+02 1.337730777449905872e+03 7.418216657824815152e-02
7.293696338506415486e+02 1.413870237767696381e+03 4.019840996712445991e-01
7.293696338506415486e+02 1.337730777449905872e+03 4.019840996712445991e-01
3.945857912916690111e+02 1.413870237767696381e+03 4.019840996712445991e-01
3.945857912916690111e+02 1.337730777449905872e+03 7.418216657824815152e-02
3.945857912916690111e+02 1.337730777449905872e+03 4.019840996712445991e-01
9.766850611660629511e+01 6.438824059441685677e+02 4.822306825313716905e-01
6.405947215612977743e+02 6.438824059441685677e+02 4.822306825313716905e-01
9.766850611660629511e+01 8.860457884147763252e+02 4.822306825313716905e-01
9.766850611660629511e+01 6.438824059441685677e+02 5.733434632420539995e-02
9.766850611660629511e+01 8.860457884147763252e+02 5.733434632420539995e-02
6.405947215612977743e+02 6.438824059441685677e+02 5.733434632420539995e-02
6.405947215612977743e+02 8.860457884147763252e+02 4.822306825313716905e-01
6.405947215612977743e+02 8.860457884147763252e+02 5.733434632420539995e-02
3.582342793010175228e+02 1.220495561137795448e+03 2.240333440713584423e-01
1.980023034568876028e+02 1.220495561137795448e+03 2.240333440713584423e-01
3.582342793010175228e+02 6.508614979684352875e+02 2.240333440713584423e-01
3.582342793010175228e+02 1.220495561137795448e+03 1.970300619024783484e-01
3.582342793010175228e+02 6.508614979684352875e+02 1.970300619024783484e-01
1.980023034568876028e+02 1.220495561137795448e+03 1.970300619024783484e-01
1.980023034568876028e+02 6.508614979684352875e+02 2.240333440713584423e-01
1.980023034568876028e+02 6.508614979684352875e+02 1.970300619024783484e-01
9.762282578870654106e+02 9.583202591165900230e+02 3.227123686112463585e-01
9.581413384396582842e+02 9.583202591165900230e+02 3.227123686112463585e-01
9.762282578870654106e+02 1.071177978068590164e+03 3.227123686112463585e-01
9.762282578870654106e+02 9.583202591165900230e+02 3.307387747336179018e-01
9.762282578870654106e+02 1.071177978068590164e+03 3.307387747336179018e-01
9.581413384396582842e+02 9.583202591165900230e+02 3.307387747336179018e-01
9.581413384396582842e+02 1.071177978068590164e+03 3.227123686112463585e-01
9.581413384396582842e+02 1.071177978068590164e+03 3.307387747336179018e-01
9.134721016744151711e+02 1.250331404618918896e+03 2.597114107105881198e-01
7.437427189107984304e+02 1.250331404618918896e+03 2.597114107105881198e-01
9.134721016744151711e+02 5.813832478597760201e+02 2.597114107105881198e-01
9.134721016744151711e+02 1.250331404618918896e+03 3.436703736893832462e-01
9.134721016744151711e+02 5.813832478597760201e+02 3.436703736893832462e-01
7.437427189107984304e+02 1.250331404618918896e+03 3.436703736893832462e-01
7.437427189107984304e+02 5.813832478597760201e+02 2.597114107105881198e-01
7.437427189107984304e+02 5.813832478597760201e+02 3.436703736893832462e-01
2.963593971254304051e+02 5.515692438930273056e+02 3.020855706650763528e-01
4.747798306662589312e+02 5.515692438930273056e+02 3.020855706650763528e-01
2.963593971254304051e+02 1.126768824644386768e+03 3.020855706650763528e-01
2.963593971254304051e+02 5.515692438930273056e+02 2.380969672463834619e-01
2.963593971254304051e+02 1.126768824644386768e+03 2.380969672463834619e-01
4.747798306662589312e+02 5.515692438930273056e+02 2.380969672463834619e-01
4.747798306662589312e+02 1.126768824644386768e+03 3.020855706650763528e-01
4.747798306662589312e+02 1.126768824644386768e+03 2.380969672463834619e-01
3.610128758102655411e+01 1.068675742484629154e+03 9.491889486089349903e-02
9.100849481243640184e+02 1.068675742484629154e+03 9.491889486089349903e-02
3.610128758102655411e+01 1.391583774238824844e+03 9.491889486089349903e-02
3.610128758102655411e+01 1.068675742484629154e+03 1.564124982338398751e-01
3.610128758102655411e+01 1.391583774238824844e+03 1.564124982338398751e-01
9.100849481243640184e+02 1.068675742484629154e+03 1.564124982338398751e-01
9.100849481243640184e+02 1.391583774238824844e+03 9.491889486089349903e-02
9.100849481243640184e+02 1.391583774238824844e+03 1.564124982338398751e-01
6.667934767119586468e+02 8.621010519564151764e+02 4.466624121181667073e-01
1.874706615265458822e+02 8.621010519564151764e+02 4.466624121181667073e-01
6.667934767119586468e+02 8.148301951587200165e+02 4.466624121181667073e-01
6.667934767119586468e+02 8.621010519564151764e+02 4.729200787376612314e-01
6.667934767119586468e+02 8.148301951587200165e+02 4.729200787376612314e-01
1.874706615265458822e+02 8.621010519564151764e+02 4.729200787376612314e-01
1.874706615265458822e+02 8.148301951587200165e+02 4.466624121181667073e-01
1.874706615265458822e+02 8.148301951587200165e+02 4.729200787376612314e-01
5.487201503403484821e+02 1.153021459467709064e+03 3.428520522546023019e-01
4.930015840567648411e+01 1.153021459467709064e+03 3.428520522546023019e-01
5.487201503403484821e+02 9.749060114845633507e+02 3.428520522546023019e-01
5.487201503403484821e+02 1.153021459467709064e+03 2.995593886822462415e-01
5.487201503403484821e+02 9.749060114845633507e+02 2.995593886822462415e-01
4.930015840567648411e+01 1.153021459467709064e+03 2.995593886822462415e-01
4.930015840567648411e+01 9.749060114845633507e+02 3.428520522546023019e-01
4.930015840567648411e+01 9.749060114845633507e+02 2.995593886822462415e-01
1.813764853179454803e+02 9.142221361398696899e+02 2.165271071251481660e-01
7.945969296973198652e+02 9.142221361398696899e+02 2.165271071251481660e-01
1.813764853179454803e+02 1.301591104827821255e+03 2.165271071251481660e-01
1.813764853179454803e+02 9.142221361398696899e+02 1.658644087612629048e-01
1.813764853179454803e+02 1.301591104827821255e+03 1.658644087612629048e-01
7.945969296973198652e+02 9.142221361398696899e+02 1.658644087612629048e-01
7.945969296973198652e+02 1.301591104827821255e+03 2.165271071251481660e-01
7.945969296973198652e+02 1.301591104827821255e+03 1.658644087612629048e-01
4.281582125173881650e+02 1.463583580218255520e+03 4.021740972995758168e-01
3.551510501485317945e+02 1.463583580218255520e+03 4.021740972995758168e-01
4.281582125173881650e+02 1.036990014836192131e+03 4.021740972995758168e-01
4.281582125173881650e+02 1.463583580218255520e+03 8.933835071511567194e-02
4.281582125173881650e+02 1.036990014836192131e+03 8.933835071511567194e-02
3.551510501485317945e+02 1.463583580218255520e+03 8.933835071511567194e-02
3.551510501485317945e+02 1.036990014836192131e+03 4.021740972995758168e-01
3.551510501485317945e+02 1.036990014836192131e+03 8.933835071511567194e-02
8.091194709474220872e+02 7.325967270880937576e+02 1.352332348003983387e-01
6.175290980283170938e+02 7.325967270880937576e+02 1.352332348003983387e-01
8.091194709474220872e+02 7.416734006255865097e+02 1.352332348003983387e-01
8.091194709474220872e+02 7.325967270880937576e+02 4.339743711519986613e-01
8.091194709474220872e+02 7.416734006255865097e+02 4.339743711519986613e-01
6.175290980283170938e+02 7.325967270880937576e+02 4.339743711519986613e-01
6.175290980283170938e+02 7.416734006255865097e+02 1.352332348003983387e-01
6.175290980283170938e+02 7.416734006255865097e+02 4.339743711519986613e-01
7.522892548060044646e+02 1.479980883188545704e+03 2.859153049066662788e-01
2.267593945097178221e+02 1.479980883188545704e+03 2.859153049066662788e-01
7.522892548060044646e+02 1.443719260394573212e+03 2.859153049066662788e-01
7.522892548060044646e+02 1.479980883188545704e+03 1.804537822026759386e-01
7.522892548060044646e+02 1.443719260394573212e+03 1.804537822026759386e-01
2.267593945097178221e+02 1.479980883188545704e+03 1.804537822026759386e-01
2.267593945097178221e+02 1.443719260394573212e+03 2.859153049066662788e-01
2.267593945097178221e+02 1.443719260394573212e+03 1.804537822026759386e-01
3.869420382184907794e+02 7.178665772080421448e+02 2.715961493551731221e-01
9.957245526108890772e+02 7.178665772080421448e+02 2.715961493551731221e-01
3.869420382184907794e+02 7.702936083078384399e+02 2.715961493551731221e-01
3.869420382184907794e+02 7.178665772080421448e+02 2.858213089872151946e-01
3.869420382184907794e+02 7.702936083078384399e+02 2.858213089872151946e-01
9.957245526108890772e+02 7.178665772080421448e+02 2.858213089872151946e-01
9.957245526108890772e+02 7.702936083078384399e+02 2.715961493551731221e-01
9.957245526108890772e+02 7.702936083078384399e+02 2.858213089872151946e-01
1.323509827274829149e+02 1.169449164532124996e+03 4.594952588435262664e-01
4.360253804419189692e+02 1.169449164532124996e+03 4.594952588435262664e-01
1.323509827274829149e+02 5.058102691546082497e+02 4.594952588435262664e-01
1.323509827274829149e+02 1.169449164532124996e+03 4.185852434486150853e-01
1.323509827274829149e+02 5.058102691546082497e+02 4.185852434486150853e-01
4.360253804419189692e+02 1.169449164532124996e+03 4.185852434486150853e-01
4.360253804419189692e+02 5.058102691546082497e+02 4.594952588435262664e-01
4.360253804419189692e+02 5.058102691546082497e+02 4.185852434486150853e-01
5.153086449336260557e+02 8.995223883539438248e+02 7.956005181185901720e-02
6.576907501351088285e+02 8.995223883539438248e+02 7.956005181185901720e-02
5.153086449336260557e+02 1.210367889143526554e+03 7.956005181185901720e-02
5.153086449336260557e+02 8.995223883539438248e+02 1.022837571799755096e-01
5.153086449336260557e+02 1.210367889143526554e+03 1.022837571799755096e-01
6.576907501351088285e+02 8.995223883539438248e+02 1.022837571799755096e-01
6.576907501351088285e+02 1.210367889143526554e+03 7.956005181185901720e-02
6.576907501351088285e+02 1.210367889143526554e+03 1.022837571799755096e-01
6.450881838109344244e+02 1.116605098359286785e+03 2.044777470640838368e-01
5.470785401035100222e+02 1.116605098359286785e+03 2.044777470640838368e-01
6.450881838109344244e+02 1.112570585682988167e+03 2.044777470640838368e-01
6.450881838109344244e+02 1.116605098359286785e+03 2.202800657134503237e-01
6.450881838109344244e+02 1.112570585682988167e+03 2.202800657134503237e-01
5.470785401035100222e+02 1.116605098359286785e+03 2.202800657134503237e-01
5.470785401035100222e+02 1.112570585682988167e+03 2.044777470640838368e-01
5.470785401035100222e+02 1.112570585682988167e+03 2.202800657134503237e-01
3.000238498486578465e+01 8.164029549807310104e+02 3.589672111906111462e-01
3.007799753155559301e+02 8.164029549807310104e+02 3.589672111906111462e-01
3.000238498486578465e+01 6.580666694790124893e+02 3.589672111906111462e-01
3.000238498486578465e+01 8.164029549807310104e+02 3.537691525649279134e-01
3.000238498486578465e+01 6.580666694790124893e+02 3.537691525649279134e-01
3.007799753155559301e+02 8.164029549807310104e+02 3.537691525649279134e-01
3.007799753155559301e+02 6.580666694790124893e+02 3.589672111906111462e-01
3.007799753155559301e+02 6.580666694790124893e+02 3.537691525649279134e-01
2.668494055597111583e+02 1.298230596818029881e+03 1.504273239988833666e-01
8.646346767451614141e+02 1.298230596818029881e+03 1.504273239988833666e-01
2.668494055597111583e+02 9.227629182860255241e+02 1.504273239988833666e-01
2.668494055597111583e+02 1.298230596818029881e+03 4.917017976753413899e-01
2.668494055597111583e+02 9.227629182860255241e+02 4.917017976753413899e-01
8.646346767451614141e+02 1.298230596818029881e+03 4.917017976753413899e-01
8.646346767451614141e+02 9.227629182860255241e+02 1.504273239988833666e-01
8.646346767451614141e+02 9.227629182860255241e+02 4.917017976753413899e-01
8.995685152998194098e+02 5.058409832417964935e+02 3.892862795386463626e-01
1.042060221303254366e+02 5.058409832417964935e+02 3.892862795386463626e-01
8.995685152998194098e+02 1.346135343424975872e+03 3.892862795386463626e-01
8.995685152998194098e+02 5.058409832417964935e+02 1.472718848846852890e-01
8.995685152998194098e+02 1.346135343424975872e+03 1.472718848846852890e-01
1.042060221303254366e+02 5.058409832417964935e+02 1.472718848846852890e-01
1.042060221303254366e+02 1.346135343424975872e+03 3.892862795386463626e-01
1.042060221303254366e+02 1.346135343424975872e+03 1.472718848846852890e-01
9.628153189215809107e+02 1.204086929559707642e+03 1.298554585315287169e-01
3.185746235158294439e+02 1.204086929559707642e+03 1.298554585315287169e-01
9.628153189215809107e+02 8.689176682382822037e+02 1.298554585315287169e-01
9.628153189215809107e+02 1.204086929559707642e+03 7.803861987777055420e-02
9.628153189215809107e+02 8.689176682382822037e+02 7.803861987777055420e-02
3.185746235158294439e+02 1.204086929559707642e+03 7.803861987777055420e-02
3.185746235158294439e+02 8.689176682382822037e+02 1.298554585315287169e-01
3.185746235158294439e+02 8.689176682382822037e+02 7.803861987777055420e-02
3.292092337068170309e+02 9.730390803888440132e+02 4.249094153754413017e-01
5.877661721576005220e+02 9.730390803888440132e+02 4.249094153754413017e-01
3.292092337068170309e+02 1.417343186214566231e+03 4.249094153754413017e-01
3.292092337068170309e+02 9.730390803888440132e+02 3.943263732362538576e-01
3.292092337068170309e+02 1.417343186214566231e+03 3.943263732362538576e-01
5.877661721576005220e+02 9.730390803888440132e+02 3.943263732362538576e-01
5.877661721576005220e+02 1.417343186214566231e+03 4.249094153754413017e-01
5.877661721576005220e+02 1.417343186214566231e+03 3.943263732362538576e-01
9.206025837268680334e+01 1.397430973127484322e+03 1.689644074533134810e-01
3.125974549539387226e+01 1.397430973127484322e+03 1.689644074533134810e-01
9.206025837268680334e+01 1.182041089050471783e+03 1.689644074533134810e-01
9.206025837268680334e+01 1.397430973127484322e+03 3.108893480151891930e-01
9.206025837268680334e+01 1.182041089050471783e+03 3.108893480151891930e-01
3.125974549539387226e+01 1.397430973127484322e+03 3.108893480151891930e-01
3.125974549539387226e+01 1.182041089050471783e+03 1.689644074533134810e-01
3.125974549539387226e+01 1.182041089050471783e+03 3.108893480151891930e-01
7.081492645917460322e+02 6.585705941542983055e+02 3.796490069944411516e-01
7.541026776041835546e+02 6.585705941542983055e+02 3.796490069944411516e-01
7.081492645917460322e+02 6.024835733696818352e+02 3.796490069944411516e-01
7.081492645917460322e+02 6.585705941542983055e+02 2.055355541408062092e-01
7.081492645917460322e+02 6.024835733696818352e+02 2.055355541408062092e-01
7.541026776041835546e+02 6.585705941542983055e+02 2.055355541408062092e-01
7.541026776041835546e+02 6.024835733696818352e+02 3.796490069944411516e-01
7.541026776041835546e+02 6.024835733696818352e+02 2.055355541408062092e-01
5.783077542139217257e+02 1.324323212727904320e+03 4.942394867539405823e-01
8.881264566872268915e+02 1.324323212727904320e+03 4.942394867539405823e-01
5.783077542139217257e+02 7.000672519207000732e+02 4.942394867539405823e-01
5.783077542139217257e+02 1.324323212727904320e+03 1.152247514110058546e-01
5.783077542139217257e+02 7.000672519207000732e+02 1.152247514110058546e-01
8.881264566872268915e+02 1.324323212727904320e+03 1.152247514110058546e-01
8.881264566872268915e+02 7.000672519207000732e+02 4.942394867539405823e-01
8.881264566872268915e+02 7.000672519207000732e+02 1.152247514110058546e-01
1.944707085257396102e+02 6.176875112578272820e+02 5.810927841812372346e-02
1.430888179671019316e+02 6.176875112578272820e+02 5.810927841812372346e-02
1.944707085257396102e+02 1.029571063816547394e+03 5.810927841812372346e-02
1.944707085257396102e+02 6.176875112578272820e+02 4.596409312915056833e-01
1.944707085257396102e+02 1.029571063816547394e+03 4.596409312915056833e-01
1.430888179671019316e+02 6.176875112578272820e+02 4.596409312915056833e-01
1.430888179671019316e+02 1.029571063816547394e+03 5.810927841812372346e-02
1.430888179671019316e+02 1.029571063816547394e+03 4.596409312915056833e-01
4.492399841826409101e+02 1.009885508567094803e+03 3.074760086368769629e-01
7.110529012512415648e+02 1.009885508567094803e+03 3.074760086368769629e-01
4.492399841826409101e+02 1.265087501145899296e+03 3.074760086368769629e-01
4.492399841826409101e+02 1.009885508567094803e+03 3.848813752643763797e-01
4.492399841826409101e+02 1.265087501145899296e+03 3.848813752643763797e-01
7.110529012512415648e+02 1.009885508567094803e+03 3.848813752643763797e-01
7.110529012512415648e+02 1.265087501145899296e+03 3.074760086368769629e-01
7.110529012512415648e+02 1.265087501145899296e+03 3.848813752643763797e-01
8.155980597008019686e+02 8.110622772946953773e+02 2.369617176707833894e-01
4.489340008292347193e+02 8.110622772946953773e+02 2.369617176707833894e-01
8.155980597008019686e+02 9.667152101173996925e+02 2.369617176707833894e-01
8.155980597008019686e+02 8.110622772946953773e+02 2.514060213230550622e-01
8.155980597008019686e+02 9.667152101173996925e+02 2.514060213230550622e-01
4.489340008292347193e+02 8.110622772946953773e+02 2.514060213230550622e-01
4.489340008292347193e+02 9.667152101173996925e+02 2.369617176707833894e-01
4.489340008292347193e+02 9.667152101173996925e+02 2.514060213230550622e-01
8.345487022846937180e+02 1.358521821908652782e+03 9.960053395479917526e-02
1.238446909058839083e+02 1.358521821908652782e+03 9.960053395479917526e-02
8.345487022846937180e+02 1.085873960517346859e+03 9.960053395479917526e-02
8.345487022846937180e+02 1.358521821908652782e+03 2.185829402878880501e-01
8.345487022846937180e+02 1.085873960517346859e+03 2.185829402878880501e-01
1.238446909058839083e+02 1.358521821908652782e+03 2.185829402878880501e-01
1.238446909058839083e+02 1.085873960517346859e+03 9.960053395479917526e-02
1.238446909058839083e+02 1.085873960517346859e+03 2.185829402878880501e-01
4.691829076446592808e+02 5.895697083324193954e+02 4.509080279618501441e-01
8.449945788886398077e+02 5.895697083324193954e+02 4.509080279618501441e-01
4.691829076446592808e+02 6.303361868485808372e+02 4.509080279618501441e-01
4.691829076446592808e+02 5.895697083324193954e+02 3.100938534364104382e-01
4.691829076446592808e+02 6.303361868485808372e+02 3.100938534364104382e-01
8.449945788886398077e+02 5.895697083324193954e+02 3.100938534364104382e-01
8.449945788886398077e+02 6.303361868485808372e+02 4.509080279618501441e-01
8.449945788886398077e+02 6.303361868485808372e+02 3.100938534364104382e-01
2.067145215654745698e+02 1.040177688933908939e+03 2.520875023212283961e-01
2.892056104149669409e+02 1.040177688933908939e+03 2.520875023212283961e-01
2.067145215654745698e+02 8.947835098952054977e+02 2.520875023212283961e-01
2.067145215654745698e+02 1.040177688933908939e+03 3.953965293709188478e-01
2.067145215654745698e+02 8.947835098952054977e+02 3.953965293709188478e-01
2.892056104149669409e+02 1.040177688933908939e+03 3.953965293709188478e-01
2.892056104149669409e+02 8.947835098952054977e+02 2.520875023212283961e-01
2.892056104149669409e+02 8.947835098952054977e+02 3.953965293709188478e-01
5.895926315980032086e+02 7.790380455553531647e+02 2.940256457310170268e-01
5.586552868057042360e+02 7.790380455553531647e+02 2.940256457310170268e-01
5.895926315980032086e+02 1.319197392091155052e+03 2.940256457310170268e-01
5.895926315980032086e+02 7.790380455553531647e+02 6.482644216157495975e-02
5.895926315980032086e+02 1.319197392091155052e+03 6.482644216157495975e-02
5.586552868057042360e+02 7.790380455553531647e+02 6.482644216157495975e-02
5.586552868057042360e+02 1.319197392091155052e+03 2.940256457310170268e-01
5.586552868057042360e+02 1.319197392091155052e+03 6.482644216157495975e-02
6.880993535788729787e+02 1.238064055331051350e+03 4.119120239280164020e-01
6.773136990200728178e+02 1.238064055331051350e+03 4.119120239280164020e-01
6.880993535788729787e+02 1.471636597998440266e+03 4.119120239280164020e-01
6.880993535788729787e+02 1.238064055331051350e+03 2.557725016959011555e-01
6.880993535788729787e+02 1.471636597998440266e+03 2.557725016959011555e-01
6.773136990200728178e+02 1.238064055331051350e+03 2.557725016959011555e-01
6.773136990200728178e+02 1.471636597998440266e+03 4.119120239280164020e-01
6.773136990200728178e+02 1.471636597998440266e+03 2.557725016959011555e-01
7.297211140487343073e+01 9.446997791528701782e+02 1.445282717235386594e-01
4.164000497553497553e+02 9.446997791528701782e+02 1.445282717235386594e-01
7.297211140487343073e+01 7.972916783764958382e+02 1.445282717235386594e-01
7.297211140487343073e+01 9.446997791528701782e+02 3.754049749113619328e-01
7.297211140487343073e+01 7.972916783764958382e+02 3.754049749113619328e-01
4.164000497553497553e+02 9.446997791528701782e+02 3.754049749113619328e-01
4.164000497553497553e+02 7.972916783764958382e+02 1.445282717235386594e-01
4.164000497553497553e+02 7.972916783764958382e+02 3.754049749113619328e-01
3.180618309341371059e+02 1.427502146922051907e+03 3.367705196607858054e-01
9.841344678197056055e+02 1.427502146922051907e+03 3.367705196607858054e-01
3.180618309341371059e+02 5.325689800083637238e+02 3.367705196607858054e-01
3.180618309341371059e+02 1.427502146922051907e+03 4.693919864948838949e-01
3.180618309341371059e+02 5.325689800083637238e+02 4.693919864948838949e-01
9.841344678197056055e+02 1.427502146922051907e+03 4.693919864948838949e-01
9.841344678197056055e+02 5.325689800083637238e+02 3.367705196607858054e-01
9.841344678197056055e+02 5.325689800083637238e+02 4.693919864948838949e-01
9.506785232052206993e+02 6.263253409415483475e+02 2.100026915315538756e-01
2.383509083818644285e+02 6.263253409415483475e+02 2.100026915315538756e-01
9.506785232052206993e+02 1.238038267940282822e+03 2.100026915315538756e-01
9.506785232052206993e+02 6.263253409415483475e+02 1.106934727635234539e-01
9.506785232052206993e+02 1.238038267940282822e+03 1.106934727635234539e-01
2.383509083818644285e+02 6.263253409415483475e+02 1.106934727635234539e-01
2.383509083818644285e+02 1.238038267940282822e+03 2.100026915315538756e-01
2.383509083818644285e+02 1.238038267940282822e+03 1.106934727635234539e-01
8.884062895337119699e+02 1.082383779808878899e+03 3.724485871382057778e-01
4.683287731204181910e+02 1.082383779808878899e+03 3.724485871382057778e-01
8.884062895337119699e+02 7.270071180537343025e+02 3.724485871382057778e-01
8.884062895337119699e+02 1.082383779808878899e+03 9.593973774462938309e-02
8.884062895337119699e+02 7.270071180537343025e+02 9.593973774462938309e-02
4.683287731204181910e+02 1.082383779808878899e+03 9.593973774462938309e-02
4.683287731204181910e+02 7.270071180537343025e+02 3.724485871382057778e-01
4.683287731204181910e+02 7.270071180537343025e+02 9.593973774462938309e-02
2.547273211898282170e+02 8.444980485364794731e+02 1.893758944235742203e-01
6.916566998790949583e+02 8.444980485364794731e+02 1.893758944235742203e-01
2.547273211898282170e+02 1.057544757612049580e+03 1.893758944235742203e-01
2.547273211898282170e+02 8.444980485364794731e+02 4.265235578641295433e-01
2.547273211898282170e+02 1.057544757612049580e+03 4.265235578641295433e-01
6.916566998790949583e+02 8.444980485364794731e+02 4.265235578641295433e-01
6.916566998790949583e+02 1.057544757612049580e+03 1.893758944235742203e-01
6.916566998790949583e+02 1.057544757612049580e+03 4.265235578641295433e-01
9.937762625515460968e+00 1.267915349453687668e+03 4.326487513724714407e-01
1.312705565821379423e+02 1.267915349453687668e+03 4.326487513724714407e-01
9.937762625515460968e+00 1.292823713272809982e+03 4.326487513724714407e-01
9.937762625515460968e+00 1.267915349453687668e+03 2.780477928463369608e-01
9.937762625515460968e+00 1.292823713272809982e+03 2.780477928463369608e-01
1.312705565821379423e+02 1.267915349453687668e+03 2.780477928463369608e-01
1.312705565821379423e+02 1.292823713272809982e+03 4.326487513724714407e-01
1.312705565821379423e+02 1.292823713272809982e+03 2.780477928463369608e-01
6.260148598365485668e+02 5.378421479836106300e+02 1.089600004721432980e-01
8.999470998737961054e+02 5.378421479836106300e+02 1.089600004721432980e-01
6.260148598365485668e+02 9.934099353849887848e+02 1.089600004721432980e-01
6.260148598365485668e+02 5.378421479836106300e+02 1.865231467876583560e-01
6.260148598365485668e+02 9.934099353849887848e+02 1.865231467876583560e-01
8.999470998737961054e+02 5.378421479836106300e+02 1.865231467876583560e-01
8.999470998737961054e+02 9.934099353849887848e+02 1.089600004721432980e-01
8.999470998737961054e+02 9.934099353849887848e+02 1.865231467876583560e-01
5.275681145973503590e+02 1.446026347577571869e+03 2.305817972868681176e-01
7.734817300047725439e+02 1.446026347577571869e+03 2.305817972868681176e-01
5.275681145973503590e+02 8.412453895434737206e+02 2.305817972868681176e-01
5.275681145973503590e+02 1.446026347577571869e+03 1.357625846751034371e-01
5.275681145973503590e+02 8.412453895434737206e+02 1.357625846751034371e-01
7.734817300047725439e+02 1.446026347577571869e+03 1.357625846751034371e-01
7.734817300047725439e+02 8.412453895434737206e+02 2.305817972868681176e-01
7.734817300047725439e+02 8.412453895434737206e+02 1.357625846751034371e-01
1.436200769543647766e+02 7.462284686043858528e+02 3.288248052820563205e-01
1.187831129319965839e+01 7.462284686043858528e+02 3.288248052820563205e-01
1.436200769543647766e+02 1.390590204857289791e+03 3.288248052820563205e-01
1.436200769543647766e+02 7.462284686043858528e+02 4.944748313166201226e-01
1.436200769543647766e+02 1.390590204857289791e+03 4.944748313166201226e-01
1.187831129319965839e+01 7.462284686043858528e+02 4.944748313166201226e-01
1.187831129319965839e+01 1.390590204857289791e+03 3.288248052820563205e-01
1.187831129319965839e+01 1.390590204857289791e+03 4.944748313166201226e-01
4.059084639595821500e+02 1.139401176944375038e+03 6.491117062978446484e-02
5.759321908820420504e+02 1.139401176944375038e+03 6.491117062978446484e-02
4.059084639595821500e+02 1.155037304386496544e+03 6.491117062978446484e-02
4.059084639595821500e+02 1.139401176944375038e+03 3.511609104927629343e-01
4.059084639595821500e+02 1.155037304386496544e+03 3.511609104927629343e-01
5.759321908820420504e+02 1.139401176944375038e+03 3.511609104927629343e-01
5.759321908820420504e+02 1.155037304386496544e+03 6.491117062978446484e-02
5.759321908820420504e+02 1.155037304386496544e+03 3.511609104927629343e-01
7.722165216440334916e+02 9.317908277735114098e+02 4.725236633326858060e-01
3.304100338723510504e+02 9.317908277735114098e+02 4.725236633326858060e-01
7.722165216440334916e+02 5.745681505650281906e+02 4.725236633326858060e-01
7.722165216440334916e+02 9.317908277735114098e+02 2.315147043671458849e-01
7.722165216440334916e+02 5.745681505650281906e+02 2.315147043671458849e-01
3.304100338723510504e+02 9.317908277735114098e+02 2.315147043671458849e-01
3.304100338723510504e+02 5.745681505650281906e+02 4.725236633326858060e-01
3.304100338723510504e+02 5.745681505650281906e+02 2.315147043671458849e-01
7.900223215138539672e+02 1.187052041292190552e+03 1.732057334389537628e-01
9.387622860390692949e+02 1.187052041292190552e+03 1.732057334389537628e-01
7.900223215138539672e+02 1.372547075152397156e+03 1.732057334389537628e-01
7.900223215138539672e+02 1.187052041292190552e+03 4.842078251298517211e-01
7.900223215138539672e+02 1.372547075152397156e+03 4.842078251298517211e-01
9.387622860390692949e+02 1.187052041292190552e+03 4.842078251298517211e-01
9.387622860390692949e+02 1.372547075152397156e+03 1.732057334389537628e-01
9.387622860390692949e+02 1.372547075152397156e+03 4.842078251298517211e-01
4.081021720869466662e+02 8.858142392709851265e+02 3.843332226853817812e-01
2.173837376590818167e+02 8.858142392709851265e+02 3.843332226853817812e-01
4.081021720869466662e+02 9.217737540602684021e+02 3.843332226853817812e-01
4.081021720869466662e+02 8.858142392709851265e+02 1.538575784768909105e-01
4.081021720869466662e+02 9.217737540602684021e+02 1.538575784768909105e-01
2.173837376590818167e+02 8.858142392709851265e+02 1.538575784768909105e-01
2.173837376590818167e+02 9.217737540602684021e+02 3.843332226853817812e-01
2.173837376590818167e+02 9.217737540602684021e+02 1.538575784768909105e-01
1.692305903751403093e+02 1.493708090856671333e+03 1.217929570004344098e-01
6.524287028368562460e+02 1.493708090856671333e+03 1.217929570004344098e-01
1.692305903751403093e+02 6.863462338224053383e+02 1.217929570004344098e-01
1.692305903751403093e+02 1.493708090856671333e+03 2.409265418536961079e-01
1.692305903751403093e+02 6.863462338224053383e+02 2.409265418536961079e-01
6.524287028368562460e+02 1.493708090856671333e+03 2.409265418536961079e-01
6.524287028368562460e+02 6.863462338224053383e+02 1.217929570004344098e-01
6.524287028368562460e+02 6.863462338224053383e+02 2.409265418536961079e-01
5.375664916168898344e+02 7.002827590331435204e+02 4.172897968441248162e-01
3.827503809351474047e+02 7.002827590331435204e+02 4.172897968441248162e-01
5.375664916168898344e+02 1.105743446387350559e+03 4.172897968441248162e-01
5.375664916168898344e+02 7.002827590331435204e+02 3.322178290225565322e-01
5.375664916168898344e+02 1.105743446387350559e+03 3.322178290225565322e-01
3.827503809351474047e+02 7.002827590331435204e+02 3.322178290225565322e-01
3.827503809351474047e+02 1.105743446387350559e+03 4.172897968441248162e-01
3.827503809351474047e+02 1.105743446387350559e+03 3.322178290225565322e-01
6.867426486816257238e+02 1.284598743543028831e+03 3.167753354180604108e-01
2.604330227654427290e+02 1.284598743543028831e+03 3.167753354180604108e-01
6.867426486816257238e+02 1.195705780759453773e+03 3.167753354180604108e-01
6.867426486816257238e+02 1.284598743543028831e+03 4.401002767030149920e-01
6.867426486816257238e+02 1.195705780759453773e+03 4.401002767030149920e-01
2.604330227654427290e+02 1.284598743543028831e+03 4.401002767030149920e-01
2.604330227654427290e+02 1.195705780759453773e+03 3.167753354180604108e-01
2.604330227654427290e+02 1.195705780759453773e+03 4.401002767030149920e-01
5.506105172075331211e+01 5.233980892226099968e+02 2.466970677021890768e-01
5.210875394586473703e+02 5.233980892226099968e+02 2.466970677021890768e-01
5.506105172075331211e+01 5.263617951422929764e+02 2.466970677021890768e-01
5.506105172075331211e+01 5.233980892226099968e+02 8.162159011699260391e-02
5.506105172075331211e+01 5.263617951422929764e+02 8.162159011699260391e-02
5.210875394586473703e+02 5.233980892226099968e+02 8.162159011699260391e-02
5.210875394586473703e+02 5.263617951422929764e+02 2.466970677021890768e-01
5.210875394586473703e+02 5.263617951422929764e+02 8.162159011699260391e-02
3.076504113702103496e+02 1.099036533385515213e+03 4.877176477573811897e-01
8.238960515893995762e+01 1.099036533385515213e+03 4.877176477573811897e-01
3.076504113702103496e+02 7.615144206210970879e+02 4.877176477573811897e-01
3.076504113702103496e+02 1.099036533385515213e+03 1.738558309152722359e-01
3.076504113702103496e+02 7.615144206210970879e+02 1.738558309152722359e-01
8.238960515893995762e+01 1.099036533385515213e+03 1.738558309152722359e-01
8.238960515893995762e+01 7.615144206210970879e+02 4.877176477573811897e-01
8.238960515893995762e+01 7.615144206210970879e+02 1.738558309152722359e-01
9.257248948505148292e+02 8.300233492627739906e+02 5.202345596626400948e-02
8.279140171390026808e+02 8.300233492627739906e+02 5.202345596626400948e-02
9.257248948505148292e+02 1.462234037928283215e+03 5.202345596626400948e-02
9.257248948505148292e+02 8.300233492627739906e+02 2.932686915621161572e-01
9.257248948505148292e+02 1.462234037928283215e+03 2.932686915621161572e-01
8.279140171390026808e+02 8.300233492627739906e+02 2.932686915621161572e-01
8.279140171390026808e+02 1.462234037928283215e+03 5.202345596626400948e-02
8.279140171390026808e+02 1.462234037928283215e+03 2.932686915621161572e-01
9.875045682284981012e+02 1.379847106523811817e+03 4.671457814518362173e-01
5.979061491433531046e+02 1.379847106523811817e+03 4.671457814518362173e-01
9.875045682284981012e+02 9.403348136693239212e+02 4.671457814518362173e-01
9.875045682284981012e+02 1.379847106523811817e+03 3.642211896833032481e-01
9.875045682284981012e+02 9.403348136693239212e+02 3.642211896833032481e-01
5.979061491433531046e+02 1.379847106523811817e+03 3.642211896833032481e-01
5.979061491433531046e+02 9.403348136693239212e+02 4.671457814518362173e-01
5.979061491433531046e+02 9.403348136693239212e+02 3.642211896833032481e-01
3.705019029136747122e+02 6.722977533936500549e+02 8.764659096486866752e-02
3.747763808351010084e+02 6.722977533936500549e+02 8.764659096486866752e-02
3.705019029136747122e+02 1.266108268871903419e+03 8.764659096486866752e-02
3.705019029136747122e+02 6.722977533936500549e+02 2.729161696042865515e-01
3.705019029136747122e+02 1.266108268871903419e+03 2.729161696042865515e-01
3.747763808351010084e+02 6.722977533936500549e+02 2.729161696042865515e-01
3.747763808351010084e+02 1.266108268871903419e+03 8.764659096486866752e-02
3.747763808351010084e+02 1.266108268871903419e+03 2.729161696042865515e-01
1.176028476497158408e+02 1.190378858707845211e+03 2.812619966454804055e-01
8.061870144885033369e+02 1.190378858707845211e+03 2.812619966454804055e-01
1.176028476497158408e+02 1.001260134391486645e+03 2.812619966454804055e-01
1.176028476497158408e+02 1.190378858707845211e+03 1.226775486953556593e-01
1.176028476497158408e+02 1.001260134391486645e+03 1.226775486953556593e-01
8.061870144885033369e+02 1.190378858707845211e+03 1.226775486953556593e-01
8.061870144885033369e+02 1.001260134391486645e+03 2.812619966454804055e-01
8.061870144885033369e+02 1.001260134391486645e+03 1.226775486953556593e-01
7.483441018937155604e+02 9.906420353800058365e+02 2.673788643442094326e-01
3.770864453352987766e+01 9.906420353800058365e+02 2.673788643442094326e-01
7.483441018937155604e+02 7.068628175184130669e+02 2.673788643442094326e-01
7.483441018937155604e+02 9.906420353800058365e+02 4.530415282584726588e-01
7.483441018937155604e+02 7.068628175184130669e+02 4.530415282584726588e-01
3.770864453352987766e+01 9.906420353800058365e+02 4.530415282584726588e-01
3.770864453352987766e+01 7.068628175184130669e+02 2.673788643442094326e-01
3.770864453352987766e+01 7.068628175184130669e+02 4.530415282584726588e-01
5.991060924185439944e+02 1.023505861870944500e+03 1.565371874254196938e-01
1.678319927509874105e+02 1.023505861870944500e+03 1.565371874254196938e-01
5.991060924185439944e+02 6.171751394867897034e+02 1.565371874254196938e-01
5.991060924185439944e+02 1.023505861870944500e+03 3.174734892789274343e-01
5.991060924185439944e+02 6.171751394867897034e+02 3.174734892789274343e-01
1.678319927509874105e+02 1.023505861870944500e+03 3.174734892789274343e-01
1.678319927509874105e+02 6.171751394867897034e+02 1.565371874254196938e-01
1.678319927509874105e+02 6.171751394867897034e+02 3.174734892789274343e-01
2.318343578046187758e+02 7.934936713427305222e+02 3.958390259649604559e-01
9.297250459808856249e+02 7.934936713427305222e+02 3.958390259649604559e-01
2.318343578046187758e+02 1.161519229412078857e+03 3.958390259649604559e-01
2.318343578046187758e+02 7.934936713427305222e+02 1.980468957219272963e-01
2.318343578046187758e+02 1.161519229412078857e+03 1.980468957219272963e-01
9.297250459808856249e+02 7.934936713427305222e+02 1.980468957219272963e-01
9.297250459808856249e+02 1.161519229412078857e+03 3.958390259649604559e-01
9.297250459808856249e+02 1.161519229412078857e+03 1.980468957219272963e-01
4.708916623573750257e+02 1.341880389489233494e+03 1.947664346545934788e-01
4.863541955668479204e+02 1.341880389489233494e+03 1.947664346545934788e-01
4.708916623573750257e+02 1.426092945970594883e+03 1.947664346545934788e-01
4.708916623573750257e+02 1.341880389489233494e+03 5.648231077939272482e-02
4.708916623573750257e+02 1.426092945970594883e+03 5.648231077939272482e-02
4.863541955668479204e+02 1.341880389489233494e+03 5.648231077939272482e-02
4.863541955668479204e+02 1.426092945970594883e+03 1.947664346545934788e-01
4.863541955668479204e+02 1.426092945970594883e+03 5.648231077939272482e-02
8.518638770747929811e+02 6.040557287633419037e+02 3.496987884864211082e-01
7.321659722086042166e+02 6.040557287633419037e+02 3.496987884864211082e-01
8.518638770747929811e+02 8.503731945529580116e+02 3.496987884864211082e-01
8.518638770747929811e+02 6.040557287633419037e+02 4.149747302755713574e-01
8.518638770747929811e+02 8.503731945529580116e+02 4.149747302755713574e-01
7.321659722086042166e+02 6.040557287633419037e+02 4.149747302755713574e-01
7.321659722086042166e+02 8.503731945529580116e+02 3.496987884864211082e-01
7.321659722086042166e+02 8.503731945529580116e+02 4.149747302755713574e-01
