growth_rate	epi_size	cell_definitions/cell_definition/phenotype/secretion/substrate/secretion_rate_epi_inter___div_inhib	microenvironment_setup/variable/physical_parameter_set/diffusion_coefficient___div_inhib	microenvironment_setup/variable/physical_parameter_set/decay_rate___div_inhib
9.651078e-01	2.633882e+02	8.507349e+02	1.431366e+03	2.132229e-01
9.651078e-01	2.633882e+02	3.651856e+02	1.431366e+03	2.132229e-01
9.651078e-01	2.633882e+02	8.507349e+02	6.399455e+02	2.132229e-01
9.651078e-01	2.633882e+02	8.507349e+02	1.431366e+03	3.023161e-01
9.651078e-01	2.633882e+02	8.507349e+02	6.399455e+02	3.023161e-01
9.651078e-01	2.633882e+02	3.651856e+02	1.431366e+03	3.023161e-01
9.651078e-01	2.633882e+02	3.651856e+02	6.399455e+02	2.132229e-01
9.651078e-01	2.633882e+02	3.651856e+02	6.399455e+02	3.023161e-01
9.651078e-01	2.633882e+02	4.843469e+02	6.378191e+02	3.400313e-01
9.651078e-01	2.633882e+02	6.036455e+02	6.378191e+02	3.400313e-01
9.651078e-01	2.633882e+02	4.843469e+02	1.091630e+03	3.400313e-01
9.651078e-01	2.633882e+02	4.843469e+02	6.378191e+02	1.688408e-01
9.651078e-01	2.633882e+02	4.843469e+02	1.091630e+03	1.688408e-01
9.651078e-01	2.633882e+02	6.036455e+02	6.378191e+02	1.688408e-01
9.651078e-01	2.633882e+02	6.036455e+02	1.091630e+03	3.400313e-01
9.651078e-01	2.633882e+02	6.036455e+02	1.091630e+03	1.688408e-01
9.651078e-01	2.633882e+02	2.217708e+02	1.249741e+03	1.380809e-01
9.651078e-01	2.633882e+02	4.763531e+01	1.249741e+03	1.380809e-01
9.651078e-01	2.633882e+02	2.217708e+02	1.325076e+03	1.380809e-01
9.651078e-01	2.633882e+02	2.217708e+02	1.249741e+03	8.529089e-02
9.651078e-01	2.633882e+02	2.217708e+02	1.325076e+03	8.529089e-02
9.651078e-01	2.633882e+02	4.763531e+01	1.249741e+03	8.529089e-02
9.651078e-01	2.633882e+02	4.763531e+01	1.325076e+03	1.380809e-01
9.651078e-01	2.633882e+02	4.763531e+01	1.325076e+03	8.529089e-02
9.651078e-01	2.633882e+02	6.056389e+02	9.483814e+02	4.055063e-01
9.651078e-01	2.633882e+02	8.002327e+02	9.483814e+02	4.055063e-01
9.651078e-01	2.633882e+02	6.056389e+02	9.047590e+02	4.055063e-01
9.651078e-01	2.633882e+02	6.056389e+02	9.483814e+02	4.297071e-01
9.651078e-01	2.633882e+02	6.056389e+02	9.047590e+02	4.297071e-01
9.651078e-01	2.633882e+02	8.002327e+02	9.483814e+02	4.297071e-01
9.651078e-01	2.633882e+02	8.002327e+02	9.047590e+02	4.055063e-01
9.651078e-01	2.633882e+02	8.002327e+02	9.047590e+02	4.297071e-01
9.651078e-01	2.633882e+02	7.354795e+02	1.036496e+03	2.979603e-01
9.651078e-01	2.633882e+02	9.352248e+02	1.036496e+03	2.979603e-01
9.651078e-01	2.633882e+02	7.354795e+02	8.069696e+02	2.979603e-01
9.651078e-01	2.633882e+02	7.354795e+02	1.036496e+03	3.407142e-01
9.651078e-01	2.633882e+02	7.354795e+02	8.069696e+02	3.407142e-01
9.651078e-01	2.633882e+02	9.352248e+02	1.036496e+03	3.407142e-01
9.651078e-01	2.633882e+02	9.352248e+02	8.069696e+02	2.979603e-01
9.651078e-01	2.633882e+02	9.352248e+02	8.069696e+02	3.407142e-01
9.651078e-01	2.633882e+02	1.193606e+02	7.673616e+02	2.559541e-01
9.651078e-01	2.633882e+02	1.584818e+02	7.673616e+02	2.559541e-01
9.883911e-01	2.659673e+02	1.193606e+02	1.477355e+03	2.559541e-01
9.651078e-01	2.633882e+02	1.193606e+02	7.673616e+02	2.353604e-01
9.651078e-01	2.633882e+02	1.193606e+02	1.477355e+03	2.353604e-01
1.298167e+00	2.965842e+02	1.584818e+02	7.673616e+02	2.353604e-01
9.651078e-01	2.633882e+02	1.584818e+02	1.477355e+03	2.559541e-01
9.651078e-01	2.633882e+02	1.584818e+02	1.477355e+03	2.353604e-01
9.651078e-01	2.633882e+02	3.643159e+02	1.347028e+03	4.504477e-01
9.651078e-01	2.633882e+02	7.259644e+02	1.347028e+03	4.504477e-01
9.651078e-01	2.633882e+02	3.643159e+02	1.244123e+03	4.504477e-01
9.651078e-01	2.633882e+02	3.643159e+02	1.347028e+03	1.607146e-01
9.651078e-01	2.633882e+02	3.643159e+02	1.244123e+03	1.607146e-01
9.651078e-01	2.633882e+02	7.259644e+02	1.347028e+03	1.607146e-01
9.651078e-01	2.633882e+02	7.259644e+02	1.244123e+03	4.504477e-01
9.651078e-01	2.633882e+02	7.259644e+02	1.244123e+03	1.607146e-01
9.651078e-01	2.633882e+02	9.979531e+02	5.857056e+02	9.907118e-02
9.651078e-01	2.633882e+02	4.965290e+02	5.857056e+02	9.907118e-02
9.651078e-01	2.633882e+02	9.979531e+02	5.423690e+02	9.907118e-02
9.651078e-01	2.633882e+02	9.979531e+02	5.857056e+02	4.770023e-01
9.651078e-01	2.633882e+02	9.979531e+02	5.423690e+02	4.770023e-01
9.651078e-01	2.633882e+02	4.965290e+02	5.857056e+02	4.770023e-01
9.651078e-01	2.633882e+02	4.965290e+02	5.423690e+02	9.907118e-02
9.651078e-01	2.633882e+02	4.965290e+02	5.423690e+02	4.770023e-01
9.651078e-01	2.633882e+02	9.346757e+02	1.127702e+03	4.850821e-01
9.651078e-01	2.633882e+02	2.113666e+02	1.127702e+03	4.850821e-01
9.651078e-01	2.633882e+02	9.346757e+02	1.047691e+03	4.850821e-01
9.651078e-01	2.633882e+02	9.346757e+02	1.127702e+03	4.056270e-01
9.651078e-01	2.633882e+02	9.346757e+02	1.047691e+03	4.056270e-01
1.045629e+00	2.716338e+02	2.113666e+02	1.127702e+03	4.056270e-01
9.651078e-01	2.633882e+02	2.113666e+02	1.047691e+03	4.850821e-01
9.651078e-01	2.633882e+02	2.113666e+02	1.047691e+03	4.056270e-01
9.651078e-01	2.633882e+02	3.019865e+02	9.280863e+02	7.751054e-02
9.651078e-01	2.633882e+02	9.486261e+02	9.280863e+02	7.751054e-02
9.651078e-01	2.633882e+02	3.019865e+02	7.210065e+02	7.751054e-02
1.061114e+00	2.732989e+02	3.019865e+02	9.280863e+02	6.119703e-02
9.651078e-01	2.633882e+02	3.019865e+02	7.210065e+02	6.119703e-02
9.651078e-01	2.633882e+02	9.486261e+02	9.280863e+02	6.119703e-02
9.651078e-01	2.633882e+02	9.486261e+02	7.210065e+02	7.751054e-02
9.651078e-01	2.633882e+02	9.486261e+02	7.210065e+02	6.119703e-02
1.027345e+00	2.697810e+02	5.733328e+01	1.442140e+03	3.194111e-01
9.651078e-01	2.633882e+02	3.884307e+02	1.442140e+03	3.194111e-01
9.651078e-01	2.633882e+02	5.733328e+01	9.877756e+02	3.194111e-01
9.651078e-01	2.633882e+02	5.733328e+01	1.442140e+03	1.938541e-01
9.651078e-01	2.633882e+02	5.733328e+01	9.877756e+02	1.938541e-01
9.651078e-01	2.633882e+02	3.884307e+02	1.442140e+03	1.938541e-01
9.651078e-01	2.633882e+02	3.884307e+02	9.877756e+02	3.194111e-01
9.651078e-01	2.633882e+02	3.884307e+02	9.877756e+02	1.938541e-01
1.118117e+00	2.788385e+02	6.723880e+02	7.347118e+02	2.212098e-01
9.651078e-01	2.633882e+02	6.427789e+02	7.347118e+02	2.212098e-01
9.651078e-01	2.633882e+02	6.723880e+02	1.283092e+03	2.212098e-01
9.651078e-01	2.633882e+02	6.723880e+02	7.347118e+02	3.273432e-01
9.651078e-01	2.633882e+02	6.723880e+02	1.283092e+03	3.273432e-01
9.651078e-01	2.633882e+02	6.427789e+02	7.347118e+02	3.273432e-01
9.651078e-01	2.633882e+02	6.427789e+02	1.283092e+03	2.212098e-01
9.651078e-01	2.633882e+02	6.427789e+02	1.283092e+03	3.273432e-01
9.651078e-01	2.633882e+02	5.426093e+02	1.279432e+03	1.173992e-01
9.651078e-01	2.633882e+02	5.311995e+02	1.279432e+03	1.173992e-01
9.651078e-01	2.633882e+02	5.426093e+02	1.380668e+03	1.173992e-01
9.651078e-01	2.633882e+02	5.426093e+02	1.279432e+03	4.449005e-01
9.651078e-01	2.633882e+02	5.426093e+02	1.380668e+03	4.449005e-01
9.651078e-01	2.633882e+02	5.311995e+02	1.279432e+03	4.449005e-01
9.651078e-01	2.633882e+02	5.311995e+02	1.380668e+03	1.173992e-01
9.651078e-01	2.633882e+02	5.311995e+02	1.380668e+03	4.449005e-01
9.651078e-01	2.633882e+02	1.596815e+02	5.417291e+02	4.410195e-01
9.651078e-01	2.633882e+02	2.541686e+02	5.417291e+02	4.410195e-01
9.651078e-01	2.633882e+02	1.596815e+02	8.352830e+02	4.410195e-01
9.651078e-01	2.633882e+02	1.596815e+02	5.417291e+02	1.285990e-01
9.651078e-01	2.633882e+02	1.596815e+02	8.352830e+02	1.285990e-01
9.651078e-01	2.633882e+02	2.541686e+02	5.417291e+02	1.285990e-01
9.651078e-01	2.633882e+02	2.541686e+02	8.352830e+02	4.410195e-01
9.651078e-01	2.633882e+02	2.541686e+02	8.352830e+02	1.285990e-01
9.651078e-01	2.633882e+02	4.220795e+02	1.086088e+03	1.775997e-01
9.279212e-01	2.600719e+02	8.185047e+02	1.086088e+03	1.775997e-01
9.651078e-01	2.633882e+02	4.220795e+02	5.687278e+02	1.775997e-01
9.651078e-01	2.633882e+02	4.220795e+02	1.086088e+03	2.666376e-01
9.651078e-01	2.633882e+02	4.220795e+02	5.687278e+02	2.666376e-01
9.651078e-01	2.633882e+02	8.185047e+02	1.086088e+03	2.666376e-01
9.651078e-01	2.633882e+02	8.185047e+02	5.687278e+02	1.775997e-01
9.651078e-01	2.633882e+02	8.185047e+02	5.687278e+02	2.666376e-01
9.651078e-01	2.633882e+02	7.873957e+02	8.561974e+02	3.606033e-01
9.651078e-01	2.633882e+02	8.783032e+01	8.561974e+02	3.606033e-01
1.045629e+00	2.716338e+02	7.873957e+02	1.145482e+03	3.606033e-01
9.651078e-01	2.633882e+02	7.873957e+02	8.561974e+02	3.720052e-01
9.651078e-01	2.633882e+02	7.873957e+02	1.145482e+03	3.720052e-01
9.651078e-01	2.633882e+02	8.783032e+01	8.561974e+02	3.720052e-01
9.651078e-01	2.633882e+02	8.783032e+01	1.145482e+03	3.606033e-01
9.651078e-01	2.633882e+02	8.783032e+01	1.145482e+03	3.720052e-01
9.651078e-01	2.633882e+02	7.739838e+02	1.102611e+03	6.227518e-02
1.045629e+00	2.716338e+02	6.971922e+02	1.102611e+03	6.227518e-02
9.651078e-01	2.633882e+02	7.739838e+02	9.119814e+02	6.227518e-02
9.651078e-01	2.633882e+02	7.739838e+02	1.102611e+03	1.192791e-01
9.651078e-01	2.633882e+02	7.739838e+02	9.119814e+02	1.192791e-01
9.651078e-01	2.633882e+02	6.971922e+02	1.102611e+03	1.192791e-01
9.651078e-01	2.633882e+02	6.971922e+02	9.119814e+02	6.227518e-02
9.651078e-01	2.633882e+02	6.971922e+02	9.119814e+02	1.192791e-01
9.651078e-01	2.633882e+02	3.930534e+02	8.413495e+02	4.980112e-01
9.651078e-01	2.633882e+02	4.589609e+02	8.413495e+02	4.980112e-01
9.651078e-01	2.633882e+02	3.930534e+02	1.366486e+03	4.980112e-01
9.651078e-01	2.633882e+02	3.930534e+02	8.413495e+02	4.639151e-01
9.651078e-01	2.633882e+02	3.930534e+02	1.366486e+03	4.639151e-01
9.651078e-01	2.633882e+02	4.589609e+02	8.413495e+02	4.639151e-01
9.651078e-01	2.633882e+02	4.589609e+02	1.366486e+03	4.980112e-01
1.027345e+00	2.697810e+02	4.589609e+02	1.366486e+03	4.639151e-01
9.651078e-01	2.633882e+02	1.540743e+02	1.295985e+03	2.332180e-01
9.651078e-01	2.633882e+02	8.937699e+02	1.295985e+03	2.332180e-01
9.651078e-01	2.633882e+02	1.540743e+02	1.100048e+03	2.332180e-01
1.209646e+00	2.878981e+02	1.540743e+02	1.295985e+03	3.821178e-01
9.651078e-01	2.633882e+02	1.540743e+02	1.100048e+03	3.821178e-01
9.651078e-01	2.633882e+02	8.937699e+02	1.295985e+03	3.821178e-01
9.651078e-01	2.633882e+02	8.937699e+02	1.100048e+03	2.332180e-01
9.651078e-01	2.633882e+02	8.937699e+02	1.100048e+03	3.821178e-01
9.651078e-01	2.633882e+02	5.213878e+02	5.269116e+02	3.033371e-01
9.651078e-01	2.633882e+02	1.414011e+02	5.269116e+02	3.033371e-01
9.651078e-01	2.633882e+02	5.213878e+02	6.766759e+02	3.033371e-01
9.651078e-01	2.633882e+02	5.213878e+02	5.269116e+02	2.484228e-01
9.651078e-01	2.633882e+02	5.213878e+02	6.766759e+02	2.484228e-01
9.651078e-01	2.633882e+02	1.414011e+02	5.269116e+02	2.484228e-01
9.651078e-01	2.633882e+02	1.414011e+02	6.766759e+02	3.033371e-01
9.651078e-01	2.633882e+02	1.414011e+02	6.766759e+02	2.484228e-01
9.651078e-01	2.633882e+02	6.394606e+02	1.490194e+03	4.282554e-01
1.287991e+00	2.953536e+02	2.263246e+00	1.490194e+03	4.282554e-01
9.651078e-01	2.633882e+02	6.394606e+02	5.163787e+02	4.282554e-01
9.651078e-01	2.633882e+02	6.394606e+02	1.490194e+03	7.374335e-02
9.651078e-01	2.633882e+02	6.394606e+02	5.163787e+02	7.374335e-02
1.287991e+00	2.953536e+02	2.263246e+00	1.490194e+03	7.374335e-02
1.287991e+00	2.953536e+02	2.263246e+00	5.163787e+02	4.282554e-01
1.287991e+00	2.953536e+02	2.263246e+00	5.163787e+02	7.374335e-02
9.427508e-01	2.611749e+02	8.799240e+00	6.888960e+02	1.326893e-01
1.209646e+00	2.878981e+02	7.792654e+02	6.888960e+02	1.326893e-01
9.427508e-01	2.611749e+02	8.799240e+00	1.189805e+03	1.326893e-01
9.427508e-01	2.611749e+02	8.799240e+00	6.888960e+02	3.902509e-01
9.427508e-01	2.611749e+02	8.799240e+00	1.189805e+03	3.902509e-01
9.651078e-01	2.633882e+02	7.792654e+02	6.888960e+02	3.902509e-01
9.651078e-01	2.633882e+02	7.792654e+02	1.189805e+03	1.326893e-01
9.651078e-01	2.633882e+02	7.792654e+02	1.189805e+03	3.902509e-01
9.651078e-01	2.633882e+02	2.612544e+02	1.175726e+03	3.768421e-01
9.651078e-01	2.633882e+02	3.403010e+02	1.175726e+03	3.768421e-01
9.651078e-01	2.633882e+02	2.612544e+02	1.456455e+03	3.768421e-01
9.651078e-01	2.633882e+02	2.612544e+02	1.175726e+03	3.138386e-01
9.651078e-01	2.633882e+02	2.612544e+02	1.456455e+03	3.138386e-01
9.651078e-01	2.633882e+02	3.403010e+02	1.175726e+03	3.138386e-01
9.651078e-01	2.633882e+02	3.403010e+02	1.456455e+03	3.768421e-01
9.651078e-01	2.633882e+02	3.403010e+02	1.456455e+03	3.138386e-01
9.651078e-01	2.633882e+02	8.783370e+02	8.822403e+02	1.656464e-01
9.651078e-01	2.633882e+02	5.699955e+02	8.822403e+02	1.656464e-01
9.651078e-01	2.633882e+02	8.783370e+02	7.518975e+02	1.656464e-01
9.651078e-01	2.633882e+02	8.783370e+02	8.822403e+02	2.082652e-01
9.651078e-01	2.633882e+02	8.783370e+02	7.518975e+02	2.082652e-01
9.651078e-01	2.633882e+02	5.699955e+02	8.822403e+02	2.082652e-01
9.651078e-01	2.633882e+02	5.699955e+02	7.518975e+02	1.656464e-01
9.651078e-01	2.633882e+02	5.699955e+02	7.518975e+02	2.082652e-01
9.651078e-01	2.633882e+02	9.411237e+02	1.330501e+03	3.552266e-01
9.651078e-01	2.633882e+02	8.550661e+02	1.330501e+03	3.552266e-01
9.651078e-01	2.633882e+02	9.411237e+02	1.275656e+03	3.552266e-01
9.651078e-01	2.633882e+02	9.411237e+02	1.330501e+03	2.234492e-01
9.651078e-01	2.633882e+02	9.411237e+02	1.275656e+03	2.234492e-01
9.651078e-01	2.633882e+02	8.550661e+02	1.330501e+03	2.234492e-01
9.651078e-01	2.633882e+02	8.550661e+02	1.275656e+03	3.552266e-01
9.651078e-01	2.633882e+02	8.550661e+02	1.275656e+03	2.234492e-01
9.651078e-01	2.633882e+02	3.230989e+02	6.005498e+02	2.003357e-01
9.651078e-01	2.633882e+02	1.176084e+02	6.005498e+02	2.003357e-01
9.651078e-01	2.633882e+02	3.230989e+02	9.461523e+02	2.003357e-01
9.651078e-01	2.633882e+02	3.230989e+02	6.005498e+02	3.571579e-01
9.651078e-01	2.633882e+02	3.230989e+02	9.461523e+02	3.571579e-01
9.651078e-01	2.633882e+02	1.176084e+02	6.005498e+02	3.571579e-01
9.651078e-01	2.633882e+02	1.176084e+02	9.461523e+02	2.003357e-01
9.883911e-01	2.659673e+02	1.176084e+02	9.461523e+02	3.571579e-01
9.651078e-01	2.633882e+02	7.033593e+01	1.019939e+03	3.934562e-01
9.651078e-01	2.633882e+02	5.492246e+02	1.019939e+03	3.934562e-01
9.651078e-01	2.633882e+02	7.033593e+01	7.128024e+02	3.934562e-01
9.651078e-01	2.633882e+02	7.033593e+01	1.019939e+03	4.880659e-01
9.651078e-01	2.633882e+02	7.033593e+01	7.128024e+02	4.880659e-01
9.651078e-01	2.633882e+02	5.492246e+02	1.019939e+03	4.880659e-01
9.651078e-01	2.633882e+02	5.492246e+02	7.128024e+02	3.934562e-01
9.651078e-01	2.633882e+02	5.492246e+02	7.128024e+02	4.880659e-01
9.651078e-01	2.633882e+02	7.020672e+02	7.821752e+02	1.541951e-01
9.651078e-01	2.633882e+02	2.946782e+02	7.821752e+02	1.541951e-01
9.651078e-01	2.633882e+02	7.020672e+02	1.011174e+03	1.541951e-01
9.651078e-01	2.633882e+02	7.020672e+02	7.821752e+02	1.434161e-01
9.651078e-01	2.633882e+02	7.020672e+02	1.011174e+03	1.434161e-01
9.651078e-01	2.633882e+02	2.946782e+02	7.821752e+02	1.434161e-01
9.651078e-01	2.633882e+02	2.946782e+02	1.011174e+03	1.541951e-01
9.651078e-01	2.633882e+02	2.946782e+02	1.011174e+03	1.434161e-01
9.651078e-01	2.633882e+02	5.839344e+02	1.201697e+03	2.687862e-01
9.651078e-01	2.633882e+02	4.104043e+02	1.201697e+03	2.687862e-01
9.651078e-01	2.633882e+02	5.839344e+02	1.171258e+03	2.687862e-01
9.651078e-01	2.633882e+02	5.839344e+02	1.201697e+03	1.770311e-01
9.651078e-01	2.633882e+02	5.839344e+02	1.171258e+03	1.770311e-01
9.651078e-01	2.633882e+02	4.104043e+02	1.201697e+03	1.770311e-01
9.651078e-01	2.633882e+02	4.104043e+02	1.171258e+03	2.687862e-01
1.327006e+00	2.992167e+02	4.104043e+02	1.171258e+03	1.770311e-01
9.651078e-01	2.633882e+02	2.156711e+02	9.942083e+02	2.826004e-01
1.045629e+00	2.716338e+02	6.871456e+02	9.942083e+02	2.826004e-01
9.651078e-01	2.633882e+02	2.156711e+02	6.228324e+02	2.826004e-01
9.651078e-01	2.633882e+02	2.156711e+02	9.942083e+02	2.826182e-01
9.651078e-01	2.633882e+02	2.156711e+02	6.228324e+02	2.826182e-01
9.651078e-01	2.633882e+02	6.871456e+02	9.942083e+02	2.826182e-01
9.651078e-01	2.633882e+02	6.871456e+02	6.228324e+02	2.826004e-01
9.651078e-01	2.633882e+02	6.871456e+02	6.228324e+02	2.826182e-01
9.651078e-01	2.633882e+02	4.548378e+02	1.383353e+03	8.290205e-02
9.651078e-01	2.633882e+02	2.440717e+02	1.383353e+03	8.290205e-02
9.651078e-01	2.633882e+02	4.548378e+02	8.563967e+02	8.290205e-02
9.651078e-01	2.633882e+02	4.548378e+02	1.383353e+03	4.224200e-01
9.651078e-01	2.633882e+02	4.548378e+02	8.563967e+02	4.224200e-01
9.651078e-01	2.633882e+02	2.440717e+02	1.383353e+03	4.224200e-01
9.651078e-01	2.633882e+02	2.440717e+02	8.563967e+02	8.290205e-02
9.651078e-01	2.633882e+02	2.440717e+02	8.563967e+02	4.224200e-01
9.651078e-01	2.633882e+02	8.368305e+02	6.836769e+02	4.623330e-01
9.651078e-01	2.633882e+02	9.744565e+02	6.836769e+02	4.623330e-01
9.651078e-01	2.633882e+02	8.368305e+02	1.435954e+03	4.623330e-01
9.651078e-01	2.633882e+02	8.368305e+02	6.836769e+02	1.058986e-01
9.651078e-01	2.633882e+02	8.368305e+02	1.435954e+03	1.058986e-01
9.651078e-01	2.633882e+02	9.744565e+02	6.836769e+02	1.058986e-01
9.651078e-01	2.633882e+02	9.744565e+02	1.435954e+03	4.623330e-01
9.651078e-01	2.633882e+02	9.744565e+02	1.435954e+03	1.058986e-01
9.651078e-01	2.633882e+02	8.245641e+02	1.232126e+03	3.259321e-01
9.651078e-01	2.633882e+02	5.815908e+02	1.232126e+03	3.259321e-01
9.651078e-01	2.633882e+02	8.245641e+02	5.512064e+02	3.259321e-01
9.651078e-01	2.633882e+02	8.245641e+02	1.232126e+03	1.391583e-01
9.651078e-01	2.633882e+02	8.245641e+02	5.512064e+02	1.391583e-01
9.651078e-01	2.633882e+02	5.815908e+02	1.232126e+03	1.391583e-01
9.651078e-01	2.633882e+02	5.815908e+02	5.512064e+02	3.259321e-01
9.651078e-01	2.633882e+02	5.815908e+02	5.512064e+02	1.391583e-01
9.651078e-01	2.633882e+02	4.435608e+02	9.620780e+02	2.272947e-01
1.045629e+00	2.716338e+02	3.287071e+02	9.620780e+02	2.272947e-01
9.651078e-01	2.633882e+02	4.435608e+02	1.225552e+03	2.272947e-01
9.651078e-01	2.633882e+02	4.435608e+02	9.620780e+02	4.976507e-01
9.651078e-01	2.633882e+02	4.435608e+02	1.225552e+03	4.976507e-01
9.651078e-01	2.633882e+02	3.287071e+02	9.620780e+02	4.976507e-01
9.651078e-01	2.633882e+02	3.287071e+02	1.225552e+03	2.272947e-01
9.651078e-01	2.633882e+02	3.287071e+02	1.225552e+03	4.976507e-01
9.651078e-01	2.633882e+02	1.966972e+02	1.417688e+03	4.757836e-01
9.651078e-01	2.633882e+02	7.596363e+02	1.417688e+03	4.757836e-01
9.651078e-01	2.633882e+02	1.966972e+02	1.491951e+03	4.757836e-01
9.651078e-01	2.633882e+02	1.966972e+02	1.417688e+03	3.472984e-01
9.651078e-01	2.633882e+02	1.966972e+02	1.491951e+03	3.472984e-01
9.651078e-01	2.633882e+02	7.596363e+02	1.417688e+03	3.472984e-01
9.651078e-01	2.633882e+02	7.596363e+02	1.491951e+03	4.757836e-01
9.651078e-01	2.633882e+02	7.596363e+02	1.491951e+03	3.472984e-01
9.651078e-01	2.633882e+02	5.639988e+02	6.554526e+02	6.777606e-02
9.410898e-01	2.610105e+02	2.189001e+01	6.554526e+02	6.777606e-02
9.651078e-01	2.633882e+02	5.639988e+02	7.864820e+02	6.777606e-02
9.651078e-01	2.633882e+02	5.639988e+02	6.554526e+02	2.278718e-01
9.651078e-01	2.633882e+02	5.639988e+02	7.864820e+02	2.278718e-01
9.410898e-01	2.610105e+02	2.189001e+01	6.554526e+02	2.278718e-01
9.410898e-01	2.610105e+02	2.189001e+01	7.864820e+02	6.777606e-02
9.410898e-01	2.610105e+02	2.189001e+01	7.864820e+02	2.278718e-01
9.651078e-01	2.633882e+02	7.132377e+02	1.360679e+03	1.856631e-01
9.651078e-01	2.633882e+02	1.529817e+02	1.360679e+03	1.856631e-01
9.651078e-01	2.633882e+02	7.132377e+02	8.764212e+02	1.856631e-01
9.651078e-01	2.633882e+02	7.132377e+02	1.360679e+03	9.274364e-02
9.651078e-01	2.633882e+02	7.132377e+02	8.764212e+02	9.274364e-02
9.651078e-01	2.633882e+02	1.529817e+02	1.360679e+03	9.274364e-02
9.651078e-01	2.633882e+02	1.529817e+02	8.764212e+02	1.856631e-01
9.651078e-01	2.633882e+02	1.529817e+02	8.764212e+02	9.274364e-02
9.651078e-01	2.633882e+02	8.246539e+01	5.681675e+02	3.682238e-01
9.651078e-01	2.633882e+02	8.821917e+02	5.681675e+02	3.682238e-01
9.651078e-01	2.633882e+02	8.246539e+01	1.331959e+03	3.682238e-01
9.651078e-01	2.633882e+02	8.246539e+01	5.681675e+02	4.231076e-01
9.651078e-01	2.633882e+02	8.246539e+01	1.331959e+03	4.231076e-01
9.651078e-01	2.633882e+02	8.821917e+02	5.681675e+02	4.231076e-01
9.651078e-01	2.633882e+02	8.821917e+02	1.331959e+03	3.682238e-01
1.045629e+00	2.716338e+02	8.821917e+02	1.331959e+03	4.231076e-01
9.923054e-01	2.660808e+02	3.431714e+02	1.054023e+03	1.131570e-01
9.651078e-01	2.633882e+02	4.393170e+02	1.054023e+03	1.131570e-01
9.651078e-01	2.633882e+02	3.431714e+02	1.065284e+03	1.131570e-01
9.651078e-01	2.633882e+02	3.431714e+02	1.054023e+03	2.816559e-01
9.651078e-01	2.633882e+02	3.431714e+02	1.065284e+03	2.816559e-01
9.651078e-01	2.633882e+02	4.393170e+02	1.054023e+03	2.816559e-01
9.651078e-01	2.633882e+02	4.393170e+02	1.065284e+03	1.131570e-01
9.651078e-01	2.633882e+02	4.393170e+02	1.065284e+03	2.816559e-01
9.651078e-01	2.633882e+02	9.602039e+02	7.536993e+02	4.363345e-01
1.298167e+00	2.965842e+02	7.168347e+02	7.536993e+02	4.363345e-01
9.651078e-01	2.633882e+02	9.602039e+02	6.408707e+02	4.363345e-01
9.651078e-01	2.633882e+02	9.602039e+02	7.536993e+02	1.903509e-01
1.045629e+00	2.716338e+02	9.602039e+02	6.408707e+02	1.903509e-01
9.651078e-01	2.633882e+02	7.168347e+02	7.536993e+02	1.903509e-01
9.651078e-01	2.633882e+02	7.168347e+02	6.408707e+02	4.363345e-01
9.651078e-01	2.633882e+02	7.168347e+02	6.408707e+02	1.903509e-01
9.651078e-01	2.633882e+02	8.983938e+02	1.459773e+03	1.477914e-01
9.651078e-01	2.633882e+02	9.862957e+02	1.459773e+03	1.477914e-01
9.651078e-01	2.633882e+02	8.983938e+02	1.136676e+03	1.477914e-01
9.651078e-01	2.633882e+02	8.983938e+02	1.459773e+03	2.600397e-01
9.651078e-01	2.633882e+02	8.983938e+02	1.136676e+03	2.600397e-01
1.206453e+00	2.872820e+02	9.862957e+02	1.459773e+03	2.600397e-01
9.651078e-01	2.633882e+02	9.862957e+02	1.136676e+03	1.477914e-01
9.651078e-01	2.633882e+02	9.862957e+02	1.136676e+03	2.600397e-01
9.651078e-01	2.633882e+02	2.803504e+02	7.210342e+02	4.147738e-01
9.651078e-01	2.633882e+02	2.322339e+02	7.210342e+02	4.147738e-01
9.651078e-01	2.633882e+02	2.803504e+02	5.873304e+02	4.147738e-01
9.651078e-01	2.633882e+02	2.803504e+02	7.210342e+02	3.794526e-01
9.651078e-01	2.633882e+02	2.803504e+02	5.873304e+02	3.794526e-01
9.651078e-01	2.633882e+02	2.322339e+02	7.210342e+02	3.794526e-01
9.651078e-01	2.633882e+02	2.322339e+02	5.873304e+02	4.147738e-01
1.209646e+00	2.878981e+02	2.322339e+02	5.873304e+02	3.794526e-01
9.410898e-01	2.610105e+02	1.995403e+01	1.141398e+03	2.071139e-01
9.651078e-01	2.633882e+02	6.677603e+02	1.141398e+03	2.071139e-01
9.410898e-01	2.610105e+02	1.995403e+01	8.206553e+02	2.071139e-01
9.410898e-01	2.610105e+02	1.995403e+01	1.141398e+03	4.664156e-01
1.327006e+00	2.992167e+02	1.995403e+01	8.206553e+02	4.664156e-01
9.651078e-01	2.633882e+02	6.677603e+02	1.141398e+03	4.664156e-01
9.651078e-01	2.633882e+02	6.677603e+02	8.206553e+02	2.071139e-01
9.651078e-01	2.633882e+02	6.677603e+02	8.206553e+02	4.664156e-01
9.651078e-01	2.633882e+02	6.516057e+02	9.104720e+02	3.334795e-01
9.651078e-01	2.633882e+02	4.297872e+02	9.104720e+02	3.334795e-01
9.651078e-01	2.633882e+02	6.516057e+02	1.401124e+03	3.334795e-01
9.651078e-01	2.633882e+02	6.516057e+02	9.104720e+02	1.079369e-01
9.651078e-01	2.633882e+02	6.516057e+02	1.401124e+03	1.079369e-01
9.651078e-01	2.633882e+02	4.297872e+02	9.104720e+02	1.079369e-01
9.651078e-01	2.633882e+02	4.297872e+02	1.401124e+03	3.334795e-01
9.651078e-01	2.633882e+02	4.297872e+02	1.401124e+03	1.079369e-01
9.651078e-01	2.633882e+02	5.024288e+02	1.072426e+03	4.551019e-01
9.651078e-01	2.633882e+02	3.065027e+02	1.072426e+03	4.551019e-01
9.651078e-01	2.633882e+02	5.024288e+02	1.311460e+03	4.551019e-01
9.651078e-01	2.633882e+02	5.024288e+02	1.072426e+03	2.145005e-01
9.651078e-01	2.633882e+02	5.024288e+02	1.311460e+03	2.145005e-01
9.651078e-01	2.633882e+02	3.065027e+02	1.072426e+03	2.145005e-01
9.651078e-01	2.633882e+02	3.065027e+02	1.311460e+03	4.551019e-01
9.651078e-01	2.633882e+02	3.065027e+02	1.311460e+03	2.145005e-01
9.651078e-01	2.633882e+02	1.341240e+02	8.737240e+02	1.032893e-01
9.651078e-01	2.633882e+02	5.374025e+02	8.737240e+02	1.032893e-01
9.651078e-01	2.633882e+02	1.341240e+02	9.809218e+02	1.032893e-01
9.651078e-01	2.633882e+02	1.341240e+02	8.737240e+02	3.057918e-01
9.651078e-01	2.633882e+02	1.341240e+02	9.809218e+02	3.057918e-01
9.651078e-01	2.633882e+02	5.374025e+02	8.737240e+02	3.057918e-01
9.651078e-01	2.633882e+02	5.374025e+02	9.809218e+02	1.032893e-01
9.651078e-01	2.633882e+02	5.374025e+02	9.809218e+02	3.057918e-01
1.045629e+00	2.716338e+02	3.808017e+02	1.261894e+03	2.903089e-01
9.651078e-01	2.633882e+02	9.820838e+01	1.261894e+03	2.903089e-01
9.651078e-01	2.633882e+02	3.808017e+02	7.473230e+02	2.903089e-01
9.651078e-01	2.633882e+02	3.808017e+02	1.261894e+03	3.981329e-01
9.651078e-01	2.633882e+02	3.808017e+02	7.473230e+02	3.981329e-01
9.651078e-01	2.633882e+02	9.820838e+01	1.261894e+03	3.981329e-01
9.651078e-01	2.633882e+02	9.820838e+01	7.473230e+02	2.903089e-01
9.651078e-01	2.633882e+02	9.820838e+01	7.473230e+02	3.981329e-01
1.045629e+00	2.716338e+02	7.626920e+02	5.553801e+02	2.478667e-01
9.651078e-01	2.633882e+02	8.744646e+02	5.553801e+02	2.478667e-01
9.651078e-01	2.633882e+02	7.626920e+02	1.046737e+03	2.478667e-01
9.651078e-01	2.633882e+02	7.626920e+02	5.553801e+02	6.778267e-02
9.651078e-01	2.633882e+02	7.626920e+02	1.046737e+03	6.778267e-02
9.651078e-01	2.633882e+02	8.744646e+02	5.553801e+02	6.778267e-02
9.651078e-01	2.633882e+02	8.744646e+02	1.046737e+03	2.478667e-01
9.651078e-01	2.633882e+02	8.744646e+02	1.046737e+03	6.778267e-02
9.651078e-01	2.633882e+02	7.995189e+02	1.309663e+03	3.995386e-01
9.651078e-01	2.633882e+02	4.847046e+02	1.309663e+03	3.995386e-01
1.113213e+00	2.783134e+02	7.995189e+02	7.802615e+02	3.995386e-01
9.651078e-01	2.633882e+02	7.995189e+02	1.309663e+03	3.213292e-01
9.651078e-01	2.633882e+02	7.995189e+02	7.802615e+02	3.213292e-01
9.651078e-01	2.633882e+02	4.847046e+02	1.309663e+03	3.213292e-01
9.651078e-01	2.633882e+02	4.847046e+02	7.802615e+02	3.995386e-01
9.651078e-01	2.633882e+02	4.847046e+02	7.802615e+02	3.213292e-01
9.651078e-01	2.633882e+02	4.332410e+02	5.092781e+02	1.607204e-01
9.651078e-01	2.633882e+02	7.377865e+02	5.092781e+02	1.607204e-01
9.651078e-01	2.633882e+02	4.332410e+02	1.449605e+03	1.607204e-01
9.651078e-01	2.633882e+02	4.332410e+02	5.092781e+02	2.016830e-01
9.651078e-01	2.633882e+02	4.332410e+02	1.449605e+03	2.016830e-01
9.651078e-01	2.633882e+02	7.377865e+02	5.092781e+02	2.016830e-01
9.651078e-01	2.633882e+02	7.377865e+02	1.449605e+03	1.607204e-01
9.651078e-01	2.633882e+02	7.377865e+02	1.449605e+03	2.016830e-01
9.651078e-01	2.633882e+02	1.787556e+02	1.120225e+03	3.454878e-01
9.651078e-01	2.633882e+02	1.778818e+02	1.120225e+03	3.454878e-01
9.651078e-01	2.633882e+02	1.787556e+02	1.216132e+03	3.454878e-01
9.651078e-01	2.633882e+02	1.787556e+02	1.120225e+03	5.309349e-02
9.651078e-01	2.633882e+02	1.787556e+02	1.216132e+03	5.309349e-02
9.651078e-01	2.633882e+02	1.778818e+02	1.120225e+03	5.309349e-02
9.651078e-01	2.633882e+02	1.778818e+02	1.216132e+03	3.454878e-01
9.651078e-01	2.633882e+02	1.778818e+02	1.216132e+03	5.309349e-02
9.651078e-01	2.633882e+02	5.626728e+02	8.276529e+02	1.910398e-01
9.651078e-01	2.633882e+02	9.158263e+02	8.276529e+02	1.910398e-01
9.651078e-01	2.633882e+02	5.626728e+02	5.154119e+02	1.910398e-01
9.651078e-01	2.633882e+02	5.626728e+02	8.276529e+02	4.118057e-01
9.651078e-01	2.633882e+02	5.626728e+02	5.154119e+02	4.118057e-01
9.651078e-01	2.633882e+02	9.158263e+02	8.276529e+02	4.118057e-01
9.651078e-01	2.633882e+02	9.158263e+02	5.154119e+02	1.910398e-01
9.651078e-01	2.633882e+02	9.158263e+02	5.154119e+02	4.118057e-01
9.651078e-01	2.633882e+02	6.611200e+02	1.158199e+03	9.052511e-02
9.651078e-01	2.633882e+02	7.883935e+02	1.158199e+03	9.052511e-02
9.651078e-01	2.633882e+02	6.611200e+02	6.678743e+02	9.052511e-02
9.651078e-01	2.633882e+02	6.611200e+02	1.158199e+03	3.606062e-01
1.045629e+00	2.716338e+02	6.611200e+02	6.678743e+02	3.606062e-01
1.045629e+00	2.716338e+02	7.883935e+02	1.158199e+03	3.606062e-01
1.027345e+00	2.697810e+02	7.883935e+02	6.678743e+02	9.052511e-02
9.651078e-01	2.633882e+02	7.883935e+02	6.678743e+02	3.606062e-01
9.410898e-01	2.610105e+02	4.507304e+01	8.959025e+02	4.703921e-01
9.651078e-01	2.633882e+02	5.947310e+01	8.959025e+02	4.703921e-01
9.410898e-01	2.610105e+02	4.507304e+01	1.118647e+03	4.703921e-01
9.410898e-01	2.610105e+02	4.507304e+01	8.959025e+02	2.690815e-01
9.410898e-01	2.610105e+02	4.507304e+01	1.118647e+03	2.690815e-01
9.651078e-01	2.633882e+02	5.947310e+01	8.959025e+02	2.690815e-01
9.651078e-01	2.633882e+02	5.947310e+01	1.118647e+03	4.703921e-01
9.651078e-01	2.633882e+02	5.947310e+01	1.118647e+03	2.690815e-01
9.651078e-01	2.633882e+02	2.820600e+02	1.476544e+03	2.641054e-01
9.651078e-01	2.633882e+02	6.230308e+02	1.476544e+03	2.641054e-01
9.651078e-01	2.633882e+02	2.820600e+02	1.351846e+03	2.641054e-01
9.651078e-01	2.633882e+02	2.820600e+02	1.476544e+03	1.258805e-01
9.651078e-01	2.633882e+02	2.820600e+02	1.351846e+03	1.258805e-01
9.651078e-01	2.633882e+02	6.230308e+02	1.476544e+03	1.258805e-01
9.651078e-01	2.633882e+02	6.230308e+02	1.351846e+03	2.641054e-01
9.651078e-01	2.633882e+02	6.230308e+02	1.351846e+03	1.258805e-01
9.651078e-01	2.633882e+02	9.157082e+02	7.064341e+02	2.783557e-01
9.651078e-01	2.633882e+02	3.458027e+02	7.064341e+02	2.783557e-01
9.651078e-01	2.633882e+02	9.157082e+02	9.324485e+02	2.783557e-01
9.651078e-01	2.633882e+02	9.157082e+02	7.064341e+02	4.564643e-01
9.651078e-01	2.633882e+02	9.157082e+02	9.324485e+02	4.564643e-01
9.651078e-01	2.633882e+02	3.458027e+02	7.064341e+02	4.564643e-01
9.651078e-01	2.633882e+02	3.458027e+02	9.324485e+02	2.783557e-01
9.651078e-01	2.633882e+02	3.458027e+02	9.324485e+02	4.564643e-01
9.651078e-01	2.633882e+02	9.780108e+02	1.006243e+03	2.424899e-01
9.651078e-01	2.633882e+02	7.624977e+01	1.006243e+03	2.424899e-01
9.651078e-01	2.633882e+02	9.780108e+02	1.407620e+03	2.424899e-01
9.651078e-01	2.633882e+02	9.780108e+02	1.006243e+03	4.430836e-01
9.651078e-01	2.633882e+02	9.780108e+02	1.407620e+03	4.430836e-01
9.651078e-01	2.633882e+02	7.624977e+01	1.006243e+03	4.430836e-01
9.651078e-01	2.633882e+02	7.624977e+01	1.407620e+03	2.424899e-01
9.651078e-01	2.633882e+02	7.624977e+01	1.407620e+03	4.430836e-01
9.651078e-01	2.633882e+02	3.453640e+02	7.997895e+02	3.130450e-01
9.651078e-01	2.633882e+02	8.300829e+02	7.997895e+02	3.130450e-01
9.651078e-01	2.633882e+02	3.453640e+02	8.632757e+02	3.130450e-01
1.045629e+00	2.716338e+02	3.453640e+02	7.997895e+02	8.438510e-02
9.651078e-01	2.633882e+02	3.453640e+02	8.632757e+02	8.438510e-02
9.651078e-01	2.633882e+02	8.300829e+02	7.997895e+02	8.438510e-02
9.651078e-01	2.633882e+02	8.300829e+02	8.632757e+02	3.130450e-01
9.651078e-01	2.633882e+02	8.300829e+02	8.632757e+02	8.438510e-02
9.651078e-01	2.633882e+02	1.080770e+02	1.312868e+03	5.572588e-02
9.651078e-01	2.633882e+02	2.738125e+02	1.312868e+03	5.572588e-02
9.651078e-01	2.633882e+02	1.080770e+02	5.964754e+02	5.572588e-02
1.061114e+00	2.732989e+02	1.080770e+02	1.312868e+03	1.695818e-01
9.651078e-01	2.633882e+02	1.080770e+02	5.964754e+02	1.695818e-01
9.279212e-01	2.600719e+02	2.738125e+02	1.312868e+03	1.695818e-01
1.045629e+00	2.716338e+02	2.738125e+02	5.964754e+02	5.572588e-02
9.279212e-01	2.600719e+02	2.738125e+02	5.964754e+02	1.695818e-01
9.651078e-01	2.633882e+02	7.232350e+02	6.142275e+02	4.918979e-01
9.651078e-01	2.633882e+02	5.115570e+02	6.142275e+02	4.918979e-01
9.651078e-01	2.633882e+02	7.232350e+02	1.172195e+03	4.918979e-01
1.030352e+00	2.709117e+02	7.232350e+02	6.142275e+02	2.892143e-01
9.651078e-01	2.633882e+02	7.232350e+02	1.172195e+03	2.892143e-01
9.651078e-01	2.633882e+02	5.115570e+02	6.142275e+02	2.892143e-01
9.651078e-01	2.633882e+02	5.115570e+02	1.172195e+03	4.918979e-01
9.651078e-01	2.633882e+02	5.115570e+02	1.172195e+03	2.892143e-01
1.045629e+00	2.716338e+02	6.247277e+02	1.400891e+03	3.810560e-01
9.651078e-01	2.633882e+02	6.311835e+02	1.400891e+03	3.810560e-01
9.651078e-01	2.633882e+02	6.247277e+02	1.020008e+03	3.810560e-01
9.651078e-01	2.633882e+02	6.247277e+02	1.400891e+03	4.814782e-01
9.651078e-01	2.633882e+02	6.247277e+02	1.020008e+03	4.814782e-01
9.651078e-01	2.633882e+02	6.311835e+02	1.400891e+03	4.814782e-01
9.651078e-01	2.633882e+02	6.311835e+02	1.020008e+03	3.810560e-01
9.651078e-01	2.633882e+02	6.311835e+02	1.020008e+03	4.814782e-01
9.651078e-01	2.633882e+02	2.418195e+02	6.700260e+02	1.703031e-01
9.651078e-01	2.633882e+02	4.000246e+02	6.700260e+02	1.703031e-01
9.651078e-01	2.633882e+02	2.418195e+02	6.942345e+02	1.703031e-01
9.651078e-01	2.633882e+02	2.418195e+02	6.700260e+02	1.509082e-01
9.651078e-01	2.633882e+02	2.418195e+02	6.942345e+02	1.509082e-01
9.651078e-01	2.633882e+02	4.000246e+02	6.700260e+02	1.509082e-01
9.651078e-01	2.633882e+02	4.000246e+02	6.942345e+02	1.703031e-01
9.651078e-01	2.633882e+02	4.000246e+02	6.942345e+02	1.509082e-01
9.651078e-01	2.633882e+02	4.964850e+02	1.215360e+03	4.201654e-01
9.651078e-01	2.633882e+02	9.682552e+02	1.215360e+03	4.201654e-01
9.651078e-01	2.633882e+02	4.964850e+02	9.607604e+02	4.201654e-01
9.651078e-01	2.633882e+02	4.964850e+02	1.215360e+03	2.450020e-01
9.651078e-01	2.633882e+02	4.964850e+02	9.607604e+02	2.450020e-01
9.651078e-01	2.633882e+02	9.682552e+02	1.215360e+03	2.450020e-01
9.651078e-01	2.633882e+02	9.682552e+02	9.607604e+02	4.201654e-01
9.651078e-01	2.633882e+02	9.682552e+02	9.607604e+02	2.450020e-01
9.651078e-01	2.633882e+02	8.618816e+02	9.766818e+02	1.250422e-01
9.651078e-01	2.633882e+02	1.917398e+02	9.766818e+02	1.250422e-01
9.651078e-01	2.633882e+02	8.618816e+02	1.255158e+03	1.250422e-01
9.651078e-01	2.633882e+02	8.618816e+02	9.766818e+02	3.365129e-01
1.118117e+00	2.788385e+02	8.618816e+02	1.255158e+03	3.365129e-01
9.651078e-01	2.633882e+02	1.917398e+02	9.766818e+02	3.365129e-01
9.651078e-01	2.633882e+02	1.917398e+02	1.255158e+03	1.250422e-01
9.651078e-01	2.633882e+02	1.917398e+02	1.255158e+03	3.365129e-01
9.651078e-01	2.633882e+02	8.719357e+02	1.057781e+03	4.368635e-01
9.651078e-01	2.633882e+02	8.397347e+02	1.057781e+03	4.368635e-01
1.045629e+00	2.716338e+02	8.719357e+02	1.231255e+03	4.368635e-01
9.651078e-01	2.633882e+02	8.719357e+02	1.057781e+03	4.487284e-01
9.651078e-01	2.633882e+02	8.719357e+02	1.231255e+03	4.487284e-01
9.651078e-01	2.633882e+02	8.397347e+02	1.057781e+03	4.487284e-01
9.651078e-01	2.633882e+02	8.397347e+02	1.231255e+03	4.368635e-01
9.651078e-01	2.633882e+02	8.397347e+02	1.231255e+03	4.487284e-01
9.651078e-01	2.633882e+02	4.899731e+02	7.653298e+02	1.136176e-01
9.651078e-01	2.633882e+02	7.057134e+01	7.653298e+02	1.136176e-01
9.651078e-01	2.633882e+02	4.899731e+02	5.608691e+02	1.136176e-01
9.651078e-01	2.633882e+02	4.899731e+02	7.653298e+02	1.322071e-01
9.651078e-01	2.633882e+02	4.899731e+02	5.608691e+02	1.322071e-01
9.651078e-01	2.633882e+02	7.057134e+01	7.653298e+02	1.322071e-01
9.651078e-01	2.633882e+02	7.057134e+01	5.608691e+02	1.136176e-01
9.651078e-01	2.633882e+02	7.057134e+01	5.608691e+02	1.322071e-01
9.651078e-01	2.633882e+02	2.430037e+02	1.372249e+03	3.643578e-01
9.651078e-01	2.633882e+02	5.016913e+02	1.372249e+03	3.643578e-01
9.651078e-01	2.633882e+02	2.430037e+02	7.962667e+02	3.643578e-01
9.651078e-01	2.633882e+02	2.430037e+02	1.372249e+03	2.632219e-01
9.651078e-01	2.633882e+02	2.430037e+02	7.962667e+02	2.632219e-01
9.651078e-01	2.633882e+02	5.016913e+02	1.372249e+03	2.632219e-01
9.651078e-01	2.633882e+02	5.016913e+02	7.962667e+02	3.643578e-01
9.651078e-01	2.633882e+02	5.016913e+02	7.962667e+02	2.632219e-01
9.651078e-01	2.633882e+02	6.112362e+02	5.719860e+02	1.817279e-01
9.651078e-01	2.633882e+02	2.798278e+02	5.719860e+02	1.817279e-01
9.651078e-01	2.633882e+02	6.112362e+02	1.498020e+03	1.817279e-01
9.651078e-01	2.633882e+02	6.112362e+02	5.719860e+02	3.688090e-01
9.651078e-01	2.633882e+02	6.112362e+02	1.498020e+03	3.688090e-01
9.651078e-01	2.633882e+02	2.798278e+02	5.719860e+02	3.688090e-01
9.651078e-01	2.633882e+02	2.798278e+02	1.498020e+03	1.817279e-01
9.651078e-01	2.633882e+02	2.798278e+02	1.498020e+03	3.688090e-01
9.651078e-01	2.633882e+02	7.293696e+02	1.413870e+03	7.418217e-02
1.045629e+00	2.716338e+02	3.945858e+02	1.413870e+03	7.418217e-02
9.651078e-01	2.633882e+02	7.293696e+02	1.337731e+03	7.418217e-02
9.651078e-01	2.633882e+02	7.293696e+02	1.413870e+03	4.019841e-01
9.651078e-01	2.633882e+02	7.293696e+02	1.337731e+03	4.019841e-01
9.651078e-01	2.633882e+02	3.945858e+02	1.413870e+03	4.019841e-01
1.327006e+00	2.992167e+02	3.945858e+02	1.337731e+03	7.418217e-02
9.651078e-01	2.633882e+02	3.945858e+02	1.337731e+03	4.019841e-01
9.651078e-01	2.633882e+02	9.766851e+01	6.438824e+02	4.822307e-01
9.651078e-01	2.633882e+02	6.405947e+02	6.438824e+02	4.822307e-01
9.651078e-01	2.633882e+02	9.766851e+01	8.860458e+02	4.822307e-01
9.651078e-01	2.633882e+02	9.766851e+01	6.438824e+02	5.733435e-02
9.651078e-01	2.633882e+02	9.766851e+01	8.860458e+02	5.733435e-02
9.651078e-01	2.633882e+02	6.405947e+02	6.438824e+02	5.733435e-02
9.651078e-01	2.633882e+02	6.405947e+02	8.860458e+02	4.822307e-01
9.651078e-01	2.633882e+02	6.405947e+02	8.860458e+02	5.733435e-02
9.651078e-01	2.633882e+02	3.582343e+02	1.220496e+03	2.240333e-01
9.651078e-01	2.633882e+02	1.980023e+02	1.220496e+03	2.240333e-01
1.160104e+00	2.829156e+02	3.582343e+02	6.508615e+02	2.240333e-01
9.651078e-01	2.633882e+02	3.582343e+02	1.220496e+03	1.970301e-01
9.651078e-01	2.633882e+02	3.582343e+02	6.508615e+02	1.970301e-01
1.045629e+00	2.716338e+02	1.980023e+02	1.220496e+03	1.970301e-01
9.651078e-01	2.633882e+02	1.980023e+02	6.508615e+02	2.240333e-01
9.651078e-01	2.633882e+02	1.980023e+02	6.508615e+02	1.970301e-01
9.651078e-01	2.633882e+02	9.762283e+02	9.583203e+02	3.227124e-01
9.651078e-01	2.633882e+02	9.581413e+02	9.583203e+02	3.227124e-01
9.651078e-01	2.633882e+02	9.762283e+02	1.071178e+03	3.227124e-01
9.651078e-01	2.633882e+02	9.762283e+02	9.583203e+02	3.307388e-01
9.651078e-01	2.633882e+02	9.762283e+02	1.071178e+03	3.307388e-01
9.651078e-01	2.633882e+02	9.581413e+02	9.583203e+02	3.307388e-01
9.651078e-01	2.633882e+02	9.581413e+02	1.071178e+03	3.227124e-01
9.651078e-01	2.633882e+02	9.581413e+02	1.071178e+03	3.307388e-01
9.651078e-01	2.633882e+02	9.134721e+02	1.250331e+03	2.597114e-01
9.651078e-01	2.633882e+02	7.437427e+02	1.250331e+03	2.597114e-01
9.651078e-01	2.633882e+02	9.134721e+02	5.813832e+02	2.597114e-01
9.651078e-01	2.633882e+02	9.134721e+02	1.250331e+03	3.436704e-01
9.651078e-01	2.633882e+02	9.134721e+02	5.813832e+02	3.436704e-01
9.651078e-01	2.633882e+02	7.437427e+02	1.250331e+03	3.436704e-01
9.651078e-01	2.633882e+02	7.437427e+02	5.813832e+02	2.597114e-01
9.651078e-01	2.633882e+02	7.437427e+02	5.813832e+02	3.436704e-01
9.651078e-01	2.633882e+02	2.963594e+02	5.515692e+02	3.020856e-01
9.651078e-01	2.633882e+02	4.747798e+02	5.515692e+02	3.020856e-01
9.651078e-01	2.633882e+02	2.963594e+02	1.126769e+03	3.020856e-01
9.651078e-01	2.633882e+02	2.963594e+02	5.515692e+02	2.380970e-01
9.651078e-01	2.633882e+02	2.963594e+02	1.126769e+03	2.380970e-01
9.651078e-01	2.633882e+02	4.747798e+02	5.515692e+02	2.380970e-01
9.651078e-01	2.633882e+02	4.747798e+02	1.126769e+03	3.020856e-01
9.651078e-01	2.633882e+02	4.747798e+02	1.126769e+03	2.380970e-01
9.410898e-01	2.610105e+02	3.610129e+01	1.068676e+03	9.491889e-02
9.651078e-01	2.633882e+02	9.100849e+02	1.068676e+03	9.491889e-02
1.164634e+00	2.834154e+02	3.610129e+01	1.391584e+03	9.491889e-02
9.410898e-01	2.610105e+02	3.610129e+01	1.068676e+03	1.564125e-01
9.410898e-01	2.610105e+02	3.610129e+01	1.391584e+03	1.564125e-01
1.045629e+00	2.716338e+02	9.100849e+02	1.068676e+03	1.564125e-01
9.651078e-01	2.633882e+02	9.100849e+02	1.391584e+03	9.491889e-02
9.651078e-01	2.633882e+02	9.100849e+02	1.391584e+03	1.564125e-01
9.651078e-01	2.633882e+02	6.667935e+02	8.621011e+02	4.466624e-01
9.651078e-01	2.633882e+02	1.874707e+02	8.621011e+02	4.466624e-01
9.651078e-01	2.633882e+02	6.667935e+02	8.148302e+02	4.466624e-01
9.651078e-01	2.633882e+02	6.667935e+02	8.621011e+02	4.729201e-01
9.651078e-01	2.633882e+02	6.667935e+02	8.148302e+02	4.729201e-01
9.651078e-01	2.633882e+02	1.874707e+02	8.621011e+02	4.729201e-01
9.651078e-01	2.633882e+02	1.874707e+02	8.148302e+02	4.466624e-01
9.651078e-01	2.633882e+02	1.874707e+02	8.148302e+02	4.729201e-01
9.651078e-01	2.633882e+02	5.487202e+02	1.153021e+03	3.428521e-01
9.651078e-01	2.633882e+02	4.930016e+01	1.153021e+03	3.428521e-01
9.651078e-01	2.633882e+02	5.487202e+02	9.749060e+02	3.428521e-01
9.651078e-01	2.633882e+02	5.487202e+02	1.153021e+03	2.995594e-01
9.651078e-01	2.633882e+02	5.487202e+02	9.749060e+02	2.995594e-01
9.651078e-01	2.633882e+02	4.930016e+01	1.153021e+03	2.995594e-01
9.651078e-01	2.633882e+02	4.930016e+01	9.749060e+02	3.428521e-01
9.651078e-01	2.633882e+02	4.930016e+01	9.749060e+02	2.995594e-01
9.651078e-01	2.633882e+02	1.813765e+02	9.142221e+02	2.165271e-01
9.651078e-01	2.633882e+02	7.945969e+02	9.142221e+02	2.165271e-01
9.651078e-01	2.633882e+02	1.813765e+02	1.301591e+03	2.165271e-01
9.651078e-01	2.633882e+02	1.813765e+02	9.142221e+02	1.658644e-01
9.651078e-01	2.633882e+02	1.813765e+02	1.301591e+03	1.658644e-01
9.651078e-01	2.633882e+02	7.945969e+02	9.142221e+02	1.658644e-01
9.651078e-01	2.633882e+02	7.945969e+02	1.301591e+03	2.165271e-01
9.651078e-01	2.633882e+02	7.945969e+02	1.301591e+03	1.658644e-01
9.651078e-01	2.633882e+02	4.281582e+02	1.463584e+03	4.021741e-01
9.651078e-01	2.633882e+02	3.551511e+02	1.463584e+03	4.021741e-01
9.651078e-01	2.633882e+02	4.281582e+02	1.036990e+03	4.021741e-01
9.651078e-01	2.633882e+02	4.281582e+02	1.463584e+03	8.933835e-02
9.651078e-01	2.633882e+02	4.281582e+02	1.036990e+03	8.933835e-02
9.651078e-01	2.633882e+02	3.551511e+02	1.463584e+03	8.933835e-02
9.651078e-01	2.633882e+02	3.551511e+02	1.036990e+03	4.021741e-01
9.651078e-01	2.633882e+02	3.551511e+02	1.036990e+03	8.933835e-02
1.061114e+00	2.732989e+02	8.091195e+02	7.325967e+02	1.352332e-01
9.651078e-01	2.633882e+02	6.175291e+02	7.325967e+02	1.352332e-01
9.651078e-01	2.633882e+02	8.091195e+02	7.416734e+02	1.352332e-01
9.651078e-01	2.633882e+02	8.091195e+02	7.325967e+02	4.339744e-01
9.651078e-01	2.633882e+02	8.091195e+02	7.416734e+02	4.339744e-01
9.651078e-01	2.633882e+02	6.175291e+02	7.325967e+02	4.339744e-01
9.651078e-01	2.633882e+02	6.175291e+02	7.416734e+02	1.352332e-01
9.651078e-01	2.633882e+02	6.175291e+02	7.416734e+02	4.339744e-01
9.651078e-01	2.633882e+02	7.522893e+02	1.479981e+03	2.859153e-01
9.651078e-01	2.633882e+02	2.267594e+02	1.479981e+03	2.859153e-01
9.651078e-01	2.633882e+02	7.522893e+02	1.443719e+03	2.859153e-01
1.178923e+00	2.856867e+02	7.522893e+02	1.479981e+03	1.804538e-01
9.651078e-01	2.633882e+02	7.522893e+02	1.443719e+03	1.804538e-01
9.651078e-01	2.633882e+02	2.267594e+02	1.479981e+03	1.804538e-01
9.651078e-01	2.633882e+02	2.267594e+02	1.443719e+03	2.859153e-01
9.651078e-01	2.633882e+02	2.267594e+02	1.443719e+03	1.804538e-01
9.651078e-01	2.633882e+02	3.869420e+02	7.178666e+02	2.715961e-01
9.651078e-01	2.633882e+02	9.957246e+02	7.178666e+02	2.715961e-01
9.651078e-01	2.633882e+02	3.869420e+02	7.702936e+02	2.715961e-01
9.651078e-01	2.633882e+02	3.869420e+02	7.178666e+02	2.858213e-01
9.651078e-01	2.633882e+02	3.869420e+02	7.702936e+02	2.858213e-01
9.651078e-01	2.633882e+02	9.957246e+02	7.178666e+02	2.858213e-01
9.651078e-01	2.633882e+02	9.957246e+02	7.702936e+02	2.715961e-01
9.651078e-01	2.633882e+02	9.957246e+02	7.702936e+02	2.858213e-01
9.651078e-01	2.633882e+02	1.323510e+02	1.169449e+03	4.594953e-01
1.045629e+00	2.716338e+02	4.360254e+02	1.169449e+03	4.594953e-01
9.651078e-01	2.633882e+02	1.323510e+02	5.058103e+02	4.594953e-01
9.651078e-01	2.633882e+02	1.323510e+02	1.169449e+03	4.185852e-01
9.651078e-01	2.633882e+02	1.323510e+02	5.058103e+02	4.185852e-01
1.045629e+00	2.716338e+02	4.360254e+02	1.169449e+03	4.185852e-01
9.651078e-01	2.633882e+02	4.360254e+02	5.058103e+02	4.594953e-01
9.651078e-01	2.633882e+02	4.360254e+02	5.058103e+02	4.185852e-01
9.651078e-01	2.633882e+02	5.153086e+02	8.995224e+02	7.956005e-02
9.651078e-01	2.633882e+02	6.576908e+02	8.995224e+02	7.956005e-02
9.651078e-01	2.633882e+02	5.153086e+02	1.210368e+03	7.956005e-02
9.651078e-01	2.633882e+02	5.153086e+02	8.995224e+02	1.022838e-01
9.651078e-01	2.633882e+02	5.153086e+02	1.210368e+03	1.022838e-01
1.045629e+00	2.716338e+02	6.576908e+02	8.995224e+02	1.022838e-01
9.651078e-01	2.633882e+02	6.576908e+02	1.210368e+03	7.956005e-02
9.651078e-01	2.633882e+02	6.576908e+02	1.210368e+03	1.022838e-01
9.651078e-01	2.633882e+02	6.450882e+02	1.116605e+03	2.044777e-01
9.651078e-01	2.633882e+02	5.470785e+02	1.116605e+03	2.044777e-01
9.651078e-01	2.633882e+02	6.450882e+02	1.112571e+03	2.044777e-01
1.045629e+00	2.716338e+02	6.450882e+02	1.116605e+03	2.202801e-01
9.651078e-01	2.633882e+02	6.450882e+02	1.112571e+03	2.202801e-01
1.298167e+00	2.965842e+02	5.470785e+02	1.116605e+03	2.202801e-01
9.651078e-01	2.633882e+02	5.470785e+02	1.112571e+03	2.044777e-01
9.651078e-01	2.633882e+02	5.470785e+02	1.112571e+03	2.202801e-01
9.410898e-01	2.610105e+02	3.000238e+01	8.164030e+02	3.589672e-01
9.651078e-01	2.633882e+02	3.007800e+02	8.164030e+02	3.589672e-01
9.410898e-01	2.610105e+02	3.000238e+01	6.580667e+02	3.589672e-01
9.410898e-01	2.610105e+02	3.000238e+01	8.164030e+02	3.537692e-01
9.410898e-01	2.610105e+02	3.000238e+01	6.580667e+02	3.537692e-01
9.651078e-01	2.633882e+02	3.007800e+02	8.164030e+02	3.537692e-01
9.651078e-01	2.633882e+02	3.007800e+02	6.580667e+02	3.589672e-01
9.651078e-01	2.633882e+02	3.007800e+02	6.580667e+02	3.537692e-01
9.651078e-01	2.633882e+02	2.668494e+02	1.298231e+03	1.504273e-01
9.651078e-01	2.633882e+02	8.646347e+02	1.298231e+03	1.504273e-01
9.651078e-01	2.633882e+02	2.668494e+02	9.227629e+02	1.504273e-01
9.651078e-01	2.633882e+02	2.668494e+02	1.298231e+03	4.917018e-01
9.651078e-01	2.633882e+02	2.668494e+02	9.227629e+02	4.917018e-01
9.651078e-01	2.633882e+02	8.646347e+02	1.298231e+03	4.917018e-01
9.651078e-01	2.633882e+02	8.646347e+02	9.227629e+02	1.504273e-01
9.651078e-01	2.633882e+02	8.646347e+02	9.227629e+02	4.917018e-01
9.651078e-01	2.633882e+02	8.995685e+02	5.058410e+02	3.892863e-01
9.651078e-01	2.633882e+02	1.042060e+02	5.058410e+02	3.892863e-01
9.651078e-01	2.633882e+02	8.995685e+02	1.346135e+03	3.892863e-01
9.651078e-01	2.633882e+02	8.995685e+02	5.058410e+02	1.472719e-01
9.651078e-01	2.633882e+02	8.995685e+02	1.346135e+03	1.472719e-01
9.651078e-01	2.633882e+02	1.042060e+02	5.058410e+02	1.472719e-01
9.651078e-01	2.633882e+02	1.042060e+02	1.346135e+03	3.892863e-01
9.651078e-01	2.633882e+02	1.042060e+02	1.346135e+03	1.472719e-01
9.651078e-01	2.633882e+02	9.628153e+02	1.204087e+03	1.298555e-01
9.651078e-01	2.633882e+02	3.185746e+02	1.204087e+03	1.298555e-01
9.651078e-01	2.633882e+02	9.628153e+02	8.689177e+02	1.298555e-01
9.651078e-01	2.633882e+02	9.628153e+02	1.204087e+03	7.803862e-02
9.651078e-01	2.633882e+02	9.628153e+02	8.689177e+02	7.803862e-02
1.045629e+00	2.716338e+02	3.185746e+02	1.204087e+03	7.803862e-02
1.061114e+00	2.732989e+02	3.185746e+02	8.689177e+02	1.298555e-01
9.651078e-01	2.633882e+02	3.185746e+02	8.689177e+02	7.803862e-02
1.045629e+00	2.716338e+02	3.292092e+02	9.730391e+02	4.249094e-01
9.651078e-01	2.633882e+02	5.877662e+02	9.730391e+02	4.249094e-01
9.651078e-01	2.633882e+02	3.292092e+02	1.417343e+03	4.249094e-01
9.651078e-01	2.633882e+02	3.292092e+02	9.730391e+02	3.943264e-01
9.651078e-01	2.633882e+02	3.292092e+02	1.417343e+03	3.943264e-01
9.651078e-01	2.633882e+02	5.877662e+02	9.730391e+02	3.943264e-01
9.651078e-01	2.633882e+02	5.877662e+02	1.417343e+03	4.249094e-01
9.651078e-01	2.633882e+02	5.877662e+02	1.417343e+03	3.943264e-01
9.651078e-01	2.633882e+02	9.206026e+01	1.397431e+03	1.689644e-01
9.410898e-01	2.610105e+02	3.125975e+01	1.397431e+03	1.689644e-01
9.651078e-01	2.633882e+02	9.206026e+01	1.182041e+03	1.689644e-01
1.206381e+00	2.876944e+02	9.206026e+01	1.397431e+03	3.108893e-01
9.883911e-01	2.659673e+02	9.206026e+01	1.182041e+03	3.108893e-01
9.410898e-01	2.610105e+02	3.125975e+01	1.397431e+03	3.108893e-01
9.410898e-01	2.610105e+02	3.125975e+01	1.182041e+03	1.689644e-01
9.410898e-01	2.610105e+02	3.125975e+01	1.182041e+03	3.108893e-01
9.651078e-01	2.633882e+02	7.081493e+02	6.585706e+02	3.796490e-01
9.651078e-01	2.633882e+02	7.541027e+02	6.585706e+02	3.796490e-01
9.651078e-01	2.633882e+02	7.081493e+02	6.024836e+02	3.796490e-01
9.651078e-01	2.633882e+02	7.081493e+02	6.585706e+02	2.055356e-01
9.651078e-01	2.633882e+02	7.081493e+02	6.024836e+02	2.055356e-01
9.651078e-01	2.633882e+02	7.541027e+02	6.585706e+02	2.055356e-01
9.651078e-01	2.633882e+02	7.541027e+02	6.024836e+02	3.796490e-01
1.045629e+00	2.716338e+02	7.541027e+02	6.024836e+02	2.055356e-01
9.651078e-01	2.633882e+02	5.783078e+02	1.324323e+03	4.942395e-01
9.651078e-01	2.633882e+02	8.881265e+02	1.324323e+03	4.942395e-01
9.651078e-01	2.633882e+02	5.783078e+02	7.000673e+02	4.942395e-01
1.045629e+00	2.716338e+02	5.783078e+02	1.324323e+03	1.152248e-01
9.651078e-01	2.633882e+02	5.783078e+02	7.000673e+02	1.152248e-01
9.651078e-01	2.633882e+02	8.881265e+02	1.324323e+03	1.152248e-01
9.651078e-01	2.633882e+02	8.881265e+02	7.000673e+02	4.942395e-01
9.651078e-01	2.633882e+02	8.881265e+02	7.000673e+02	1.152248e-01
9.651078e-01	2.633882e+02	1.944707e+02	6.176875e+02	5.810928e-02
9.651078e-01	2.633882e+02	1.430888e+02	6.176875e+02	5.810928e-02
9.651078e-01	2.633882e+02	1.944707e+02	1.029571e+03	5.810928e-02
9.651078e-01	2.633882e+02	1.944707e+02	6.176875e+02	4.596409e-01
9.651078e-01	2.633882e+02	1.944707e+02	1.029571e+03	4.596409e-01
9.651078e-01	2.633882e+02	1.430888e+02	6.176875e+02	4.596409e-01
9.651078e-01	2.633882e+02	1.430888e+02	1.029571e+03	5.810928e-02
9.651078e-01	2.633882e+02	1.430888e+02	1.029571e+03	4.596409e-01
9.651078e-01	2.633882e+02	4.492400e+02	1.009886e+03	3.074760e-01
9.651078e-01	2.633882e+02	7.110529e+02	1.009886e+03	3.074760e-01
9.651078e-01	2.633882e+02	4.492400e+02	1.265088e+03	3.074760e-01
9.651078e-01	2.633882e+02	4.492400e+02	1.009886e+03	3.848814e-01
9.651078e-01	2.633882e+02	4.492400e+02	1.265088e+03	3.848814e-01
9.651078e-01	2.633882e+02	7.110529e+02	1.009886e+03	3.848814e-01
9.651078e-01	2.633882e+02	7.110529e+02	1.265088e+03	3.074760e-01
9.651078e-01	2.633882e+02	7.110529e+02	1.265088e+03	3.848814e-01
9.651078e-01	2.633882e+02	8.155981e+02	8.110623e+02	2.369617e-01
9.651078e-01	2.633882e+02	4.489340e+02	8.110623e+02	2.369617e-01
9.651078e-01	2.633882e+02	8.155981e+02	9.667152e+02	2.369617e-01
9.651078e-01	2.633882e+02	8.155981e+02	8.110623e+02	2.514060e-01
9.651078e-01	2.633882e+02	8.155981e+02	9.667152e+02	2.514060e-01
9.651078e-01	2.633882e+02	4.489340e+02	8.110623e+02	2.514060e-01
9.651078e-01	2.633882e+02	4.489340e+02	9.667152e+02	2.369617e-01
9.651078e-01	2.633882e+02	4.489340e+02	9.667152e+02	2.514060e-01
9.651078e-01	2.633882e+02	8.345487e+02	1.358522e+03	9.960053e-02
9.651078e-01	2.633882e+02	1.238447e+02	1.358522e+03	9.960053e-02
9.651078e-01	2.633882e+02	8.345487e+02	1.085874e+03	9.960053e-02
9.651078e-01	2.633882e+02	8.345487e+02	1.358522e+03	2.185829e-01
9.651078e-01	2.633882e+02	8.345487e+02	1.085874e+03	2.185829e-01
9.651078e-01	2.633882e+02	1.238447e+02	1.358522e+03	2.185829e-01
9.651078e-01	2.633882e+02	1.238447e+02	1.085874e+03	9.960053e-02
9.651078e-01	2.633882e+02	1.238447e+02	1.085874e+03	2.185829e-01
9.651078e-01	2.633882e+02	4.691829e+02	5.895697e+02	4.509080e-01
9.651078e-01	2.633882e+02	8.449946e+02	5.895697e+02	4.509080e-01
9.651078e-01	2.633882e+02	4.691829e+02	6.303362e+02	4.509080e-01
9.651078e-01	2.633882e+02	4.691829e+02	5.895697e+02	3.100939e-01
9.651078e-01	2.633882e+02	4.691829e+02	6.303362e+02	3.100939e-01
9.651078e-01	2.633882e+02	8.449946e+02	5.895697e+02	3.100939e-01
9.651078e-01	2.633882e+02	8.449946e+02	6.303362e+02	4.509080e-01
9.651078e-01	2.633882e+02	8.449946e+02	6.303362e+02	3.100939e-01
9.651078e-01	2.633882e+02	2.067145e+02	1.040178e+03	2.520875e-01
9.651078e-01	2.633882e+02	2.892056e+02	1.040178e+03	2.520875e-01
9.651078e-01	2.633882e+02	2.067145e+02	8.947835e+02	2.520875e-01
9.651078e-01	2.633882e+02	2.067145e+02	1.040178e+03	3.953965e-01
9.651078e-01	2.633882e+02	2.067145e+02	8.947835e+02	3.953965e-01
9.651078e-01	2.633882e+02	2.892056e+02	1.040178e+03	3.953965e-01
9.651078e-01	2.633882e+02	2.892056e+02	8.947835e+02	2.520875e-01
9.651078e-01	2.633882e+02	2.892056e+02	8.947835e+02	3.953965e-01
9.651078e-01	2.633882e+02	5.895926e+02	7.790380e+02	2.940256e-01
9.651078e-01	2.633882e+02	5.586553e+02	7.790380e+02	2.940256e-01
9.651078e-01	2.633882e+02	5.895926e+02	1.319197e+03	2.940256e-01
9.651078e-01	2.633882e+02	5.895926e+02	7.790380e+02	6.482644e-02
9.651078e-01	2.633882e+02	5.895926e+02	1.319197e+03	6.482644e-02
9.651078e-01	2.633882e+02	5.586553e+02	7.790380e+02	6.482644e-02
9.651078e-01	2.633882e+02	5.586553e+02	1.319197e+03	2.940256e-01
9.651078e-01	2.633882e+02	5.586553e+02	1.319197e+03	6.482644e-02
9.651078e-01	2.633882e+02	6.880994e+02	1.238064e+03	4.119120e-01
9.651078e-01	2.633882e+02	6.773137e+02	1.238064e+03	4.119120e-01
9.651078e-01	2.633882e+02	6.880994e+02	1.471637e+03	4.119120e-01
9.651078e-01	2.633882e+02	6.880994e+02	1.238064e+03	2.557725e-01
9.651078e-01	2.633882e+02	6.880994e+02	1.471637e+03	2.557725e-01
9.651078e-01	2.633882e+02	6.773137e+02	1.238064e+03	2.557725e-01
1.206453e+00	2.872820e+02	6.773137e+02	1.471637e+03	4.119120e-01
9.651078e-01	2.633882e+02	6.773137e+02	1.471637e+03	2.557725e-01
9.651078e-01	2.633882e+02	7.297211e+01	9.446998e+02	1.445283e-01
9.651078e-01	2.633882e+02	4.164000e+02	9.446998e+02	1.445283e-01
9.651078e-01	2.633882e+02	7.297211e+01	7.972917e+02	1.445283e-01
9.651078e-01	2.633882e+02	7.297211e+01	9.446998e+02	3.754050e-01
1.298167e+00	2.965842e+02	7.297211e+01	7.972917e+02	3.754050e-01
9.651078e-01	2.633882e+02	4.164000e+02	9.446998e+02	3.754050e-01
9.651078e-01	2.633882e+02	4.164000e+02	7.972917e+02	1.445283e-01
9.651078e-01	2.633882e+02	4.164000e+02	7.972917e+02	3.754050e-01
9.651078e-01	2.633882e+02	3.180618e+02	1.427502e+03	3.367705e-01
9.651078e-01	2.633882e+02	9.841345e+02	1.427502e+03	3.367705e-01
9.651078e-01	2.633882e+02	3.180618e+02	5.325690e+02	3.367705e-01
9.651078e-01	2.633882e+02	3.180618e+02	1.427502e+03	4.693920e-01
9.651078e-01	2.633882e+02	3.180618e+02	5.325690e+02	4.693920e-01
9.651078e-01	2.633882e+02	9.841345e+02	1.427502e+03	4.693920e-01
9.651078e-01	2.633882e+02	9.841345e+02	5.325690e+02	3.367705e-01
9.651078e-01	2.633882e+02	9.841345e+02	5.325690e+02	4.693920e-01
9.651078e-01	2.633882e+02	9.506785e+02	6.263253e+02	2.100027e-01
9.651078e-01	2.633882e+02	2.383509e+02	6.263253e+02	2.100027e-01
9.651078e-01	2.633882e+02	9.506785e+02	1.238038e+03	2.100027e-01
9.651078e-01	2.633882e+02	9.506785e+02	6.263253e+02	1.106935e-01
9.651078e-01	2.633882e+02	9.506785e+02	1.238038e+03	1.106935e-01
9.651078e-01	2.633882e+02	2.383509e+02	6.263253e+02	1.106935e-01
9.651078e-01	2.633882e+02	2.383509e+02	1.238038e+03	2.100027e-01
9.651078e-01	2.633882e+02	2.383509e+02	1.238038e+03	1.106935e-01
9.651078e-01	2.633882e+02	8.884063e+02	1.082384e+03	3.724486e-01
9.651078e-01	2.633882e+02	4.683288e+02	1.082384e+03	3.724486e-01
9.651078e-01	2.633882e+02	8.884063e+02	7.270071e+02	3.724486e-01
9.651078e-01	2.633882e+02	8.884063e+02	1.082384e+03	9.593974e-02
9.651078e-01	2.633882e+02	8.884063e+02	7.270071e+02	9.593974e-02
9.651078e-01	2.633882e+02	4.683288e+02	1.082384e+03	9.593974e-02
9.651078e-01	2.633882e+02	4.683288e+02	7.270071e+02	3.724486e-01
9.651078e-01	2.633882e+02	4.683288e+02	7.270071e+02	9.593974e-02
9.651078e-01	2.633882e+02	2.547273e+02	8.444980e+02	1.893759e-01
9.651078e-01	2.633882e+02	6.916567e+02	8.444980e+02	1.893759e-01
9.651078e-01	2.633882e+02	2.547273e+02	1.057545e+03	1.893759e-01
9.651078e-01	2.633882e+02	2.547273e+02	8.444980e+02	4.265236e-01
9.651078e-01	2.633882e+02	2.547273e+02	1.057545e+03	4.265236e-01
9.651078e-01	2.633882e+02	6.916567e+02	8.444980e+02	4.265236e-01
9.651078e-01	2.633882e+02	6.916567e+02	1.057545e+03	1.893759e-01
9.651078e-01	2.633882e+02	6.916567e+02	1.057545e+03	4.265236e-01
9.427508e-01	2.611749e+02	9.937763e+00	1.267915e+03	4.326488e-01
9.651078e-01	2.633882e+02	1.312706e+02	1.267915e+03	4.326488e-01
9.427508e-01	2.611749e+02	9.937763e+00	1.292824e+03	4.326488e-01
9.427508e-01	2.611749e+02	9.937763e+00	1.267915e+03	2.780478e-01
9.427508e-01	2.611749e+02	9.937763e+00	1.292824e+03	2.780478e-01
9.651078e-01	2.633882e+02	1.312706e+02	1.267915e+03	2.780478e-01
9.651078e-01	2.633882e+02	1.312706e+02	1.292824e+03	4.326488e-01
9.651078e-01	2.633882e+02	1.312706e+02	1.292824e+03	2.780478e-01
9.651078e-01	2.633882e+02	6.260149e+02	5.378421e+02	1.089600e-01
9.651078e-01	2.633882e+02	8.999471e+02	5.378421e+02	1.089600e-01
1.045629e+00	2.716338e+02	6.260149e+02	9.934099e+02	1.089600e-01
9.651078e-01	2.633882e+02	6.260149e+02	5.378421e+02	1.865231e-01
9.651078e-01	2.633882e+02	6.260149e+02	9.934099e+02	1.865231e-01
9.651078e-01	2.633882e+02	8.999471e+02	5.378421e+02	1.865231e-01
9.651078e-01	2.633882e+02	8.999471e+02	9.934099e+02	1.089600e-01
9.651078e-01	2.633882e+02	8.999471e+02	9.934099e+02	1.865231e-01
9.651078e-01	2.633882e+02	5.275681e+02	1.446026e+03	2.305818e-01
9.651078e-01	2.633882e+02	7.734817e+02	1.446026e+03	2.305818e-01
1.045629e+00	2.716338e+02	5.275681e+02	8.412454e+02	2.305818e-01
1.045629e+00	2.716338e+02	5.275681e+02	1.446026e+03	1.357626e-01
9.651078e-01	2.633882e+02	5.275681e+02	8.412454e+02	1.357626e-01
9.651078e-01	2.633882e+02	7.734817e+02	1.446026e+03	1.357626e-01
9.651078e-01	2.633882e+02	7.734817e+02	8.412454e+02	2.305818e-01
9.651078e-01	2.633882e+02	7.734817e+02	8.412454e+02	1.357626e-01
9.651078e-01	2.633882e+02	1.436201e+02	7.462285e+02	3.288248e-01
1.010712e+00	2.679030e+02	1.187831e+01	7.462285e+02	3.288248e-01
9.651078e-01	2.633882e+02	1.436201e+02	1.390590e+03	3.288248e-01
1.045629e+00	2.716338e+02	1.436201e+02	7.462285e+02	4.944748e-01
9.651078e-01	2.633882e+02	1.436201e+02	1.390590e+03	4.944748e-01
1.010712e+00	2.679030e+02	1.187831e+01	7.462285e+02	4.944748e-01
1.010712e+00	2.679030e+02	1.187831e+01	1.390590e+03	3.288248e-01
1.010712e+00	2.679030e+02	1.187831e+01	1.390590e+03	4.944748e-01
9.651078e-01	2.633882e+02	4.059085e+02	1.139401e+03	6.491117e-02
9.651078e-01	2.633882e+02	5.759322e+02	1.139401e+03	6.491117e-02
9.651078e-01	2.633882e+02	4.059085e+02	1.155037e+03	6.491117e-02
9.651078e-01	2.633882e+02	4.059085e+02	1.139401e+03	3.511609e-01
9.651078e-01	2.633882e+02	4.059085e+02	1.155037e+03	3.511609e-01
9.651078e-01	2.633882e+02	5.759322e+02	1.139401e+03	3.511609e-01
1.045629e+00	2.716338e+02	5.759322e+02	1.155037e+03	6.491117e-02
9.651078e-01	2.633882e+02	5.759322e+02	1.155037e+03	3.511609e-01
9.651078e-01	2.633882e+02	7.722165e+02	9.317908e+02	4.725237e-01
9.651078e-01	2.633882e+02	3.304100e+02	9.317908e+02	4.725237e-01
9.651078e-01	2.633882e+02	7.722165e+02	5.745682e+02	4.725237e-01
9.651078e-01	2.633882e+02	7.722165e+02	9.317908e+02	2.315147e-01
1.209646e+00	2.878981e+02	7.722165e+02	5.745682e+02	2.315147e-01
9.651078e-01	2.633882e+02	3.304100e+02	9.317908e+02	2.315147e-01
9.651078e-01	2.633882e+02	3.304100e+02	5.745682e+02	4.725237e-01
9.651078e-01	2.633882e+02	3.304100e+02	5.745682e+02	2.315147e-01
1.045629e+00	2.716338e+02	7.900223e+02	1.187052e+03	1.732057e-01
9.651078e-01	2.633882e+02	9.387623e+02	1.187052e+03	1.732057e-01
9.651078e-01	2.633882e+02	7.900223e+02	1.372547e+03	1.732057e-01
1.045629e+00	2.716338e+02	7.900223e+02	1.187052e+03	4.842078e-01
9.651078e-01	2.633882e+02	7.900223e+02	1.372547e+03	4.842078e-01
9.651078e-01	2.633882e+02	9.387623e+02	1.187052e+03	4.842078e-01
9.651078e-01	2.633882e+02	9.387623e+02	1.372547e+03	1.732057e-01
9.651078e-01	2.633882e+02	9.387623e+02	1.372547e+03	4.842078e-01
9.651078e-01	2.633882e+02	4.081022e+02	8.858142e+02	3.843332e-01
9.651078e-01	2.633882e+02	2.173837e+02	8.858142e+02	3.843332e-01
9.651078e-01	2.633882e+02	4.081022e+02	9.217738e+02	3.843332e-01
9.651078e-01	2.633882e+02	4.081022e+02	8.858142e+02	1.538576e-01
1.045629e+00	2.716338e+02	4.081022e+02	9.217738e+02	1.538576e-01
9.651078e-01	2.633882e+02	2.173837e+02	8.858142e+02	1.538576e-01
9.651078e-01	2.633882e+02	2.173837e+02	9.217738e+02	3.843332e-01
1.045629e+00	2.716338e+02	2.173837e+02	9.217738e+02	1.538576e-01
9.651078e-01	2.633882e+02	1.692306e+02	1.493708e+03	1.217930e-01
9.651078e-01	2.633882e+02	6.524287e+02	1.493708e+03	1.217930e-01
9.651078e-01	2.633882e+02	1.692306e+02	6.863462e+02	1.217930e-01
9.651078e-01	2.633882e+02	1.692306e+02	1.493708e+03	2.409265e-01
9.651078e-01	2.633882e+02	1.692306e+02	6.863462e+02	2.409265e-01
9.651078e-01	2.633882e+02	6.524287e+02	1.493708e+03	2.409265e-01
1.045629e+00	2.716338e+02	6.524287e+02	6.863462e+02	1.217930e-01
9.651078e-01	2.633882e+02	6.524287e+02	6.863462e+02	2.409265e-01
9.651078e-01	2.633882e+02	5.375665e+02	7.002828e+02	4.172898e-01
9.651078e-01	2.633882e+02	3.827504e+02	7.002828e+02	4.172898e-01
9.651078e-01	2.633882e+02	5.375665e+02	1.105743e+03	4.172898e-01
9.651078e-01	2.633882e+02	5.375665e+02	7.002828e+02	3.322178e-01
9.651078e-01	2.633882e+02	5.375665e+02	1.105743e+03	3.322178e-01
9.279212e-01	2.600719e+02	3.827504e+02	7.002828e+02	3.322178e-01
9.651078e-01	2.633882e+02	3.827504e+02	1.105743e+03	4.172898e-01
9.651078e-01	2.633882e+02	3.827504e+02	1.105743e+03	3.322178e-01
9.651078e-01	2.633882e+02	6.867426e+02	1.284599e+03	3.167753e-01
9.651078e-01	2.633882e+02	2.604330e+02	1.284599e+03	3.167753e-01
9.651078e-01	2.633882e+02	6.867426e+02	1.195706e+03	3.167753e-01
9.651078e-01	2.633882e+02	6.867426e+02	1.284599e+03	4.401003e-01
9.651078e-01	2.633882e+02	6.867426e+02	1.195706e+03	4.401003e-01
9.651078e-01	2.633882e+02	2.604330e+02	1.284599e+03	4.401003e-01
9.651078e-01	2.633882e+02	2.604330e+02	1.195706e+03	3.167753e-01
9.651078e-01	2.633882e+02	2.604330e+02	1.195706e+03	4.401003e-01
9.651078e-01	2.633882e+02	5.506105e+01	5.233981e+02	2.466971e-01
9.651078e-01	2.633882e+02	5.210875e+02	5.233981e+02	2.466971e-01
9.651078e-01	2.633882e+02	5.506105e+01	5.263618e+02	2.466971e-01
9.651078e-01	2.633882e+02	5.506105e+01	5.233981e+02	8.162159e-02
9.651078e-01	2.633882e+02	5.506105e+01	5.263618e+02	8.162159e-02
9.651078e-01	2.633882e+02	5.210875e+02	5.233981e+02	8.162159e-02
9.651078e-01	2.633882e+02	5.210875e+02	5.263618e+02	2.466971e-01
1.139781e+00	2.809632e+02	5.210875e+02	5.263618e+02	8.162159e-02
1.045629e+00	2.716338e+02	3.076504e+02	1.099037e+03	4.877176e-01
9.651078e-01	2.633882e+02	8.238961e+01	1.099037e+03	4.877176e-01
9.651078e-01	2.633882e+02	3.076504e+02	7.615144e+02	4.877176e-01
9.651078e-01	2.633882e+02	3.076504e+02	1.099037e+03	1.738558e-01
9.651078e-01	2.633882e+02	3.076504e+02	7.615144e+02	1.738558e-01
9.651078e-01	2.633882e+02	8.238961e+01	1.099037e+03	1.738558e-01
9.651078e-01	2.633882e+02	8.238961e+01	7.615144e+02	4.877176e-01
9.651078e-01	2.633882e+02	8.238961e+01	7.615144e+02	1.738558e-01
1.045629e+00	2.716338e+02	9.257249e+02	8.300233e+02	5.202346e-02
9.651078e-01	2.633882e+02	8.279140e+02	8.300233e+02	5.202346e-02
9.651078e-01	2.633882e+02	9.257249e+02	1.462234e+03	5.202346e-02
9.651078e-01	2.633882e+02	9.257249e+02	8.300233e+02	2.932687e-01
9.651078e-01	2.633882e+02	9.257249e+02	1.462234e+03	2.932687e-01
9.651078e-01	2.633882e+02	8.279140e+02	8.300233e+02	2.932687e-01
9.651078e-01	2.633882e+02	8.279140e+02	1.462234e+03	5.202346e-02
9.651078e-01	2.633882e+02	8.279140e+02	1.462234e+03	2.932687e-01
9.651078e-01	2.633882e+02	9.875046e+02	1.379847e+03	4.671458e-01
9.651078e-01	2.633882e+02	5.979061e+02	1.379847e+03	4.671458e-01
9.651078e-01	2.633882e+02	9.875046e+02	9.403348e+02	4.671458e-01
9.651078e-01	2.633882e+02	9.875046e+02	1.379847e+03	3.642212e-01
9.651078e-01	2.633882e+02	9.875046e+02	9.403348e+02	3.642212e-01
1.045629e+00	2.716338e+02	5.979061e+02	1.379847e+03	3.642212e-01
1.045629e+00	2.716338e+02	5.979061e+02	9.403348e+02	4.671458e-01
9.651078e-01	2.633882e+02	5.979061e+02	9.403348e+02	3.642212e-01
9.651078e-01	2.633882e+02	3.705019e+02	6.722978e+02	8.764659e-02
1.045629e+00	2.716338e+02	3.747764e+02	6.722978e+02	8.764659e-02
9.651078e-01	2.633882e+02	3.705019e+02	1.266108e+03	8.764659e-02
9.651078e-01	2.633882e+02	3.705019e+02	6.722978e+02	2.729162e-01
9.651078e-01	2.633882e+02	3.705019e+02	1.266108e+03	2.729162e-01
9.651078e-01	2.633882e+02	3.747764e+02	6.722978e+02	2.729162e-01
9.651078e-01	2.633882e+02	3.747764e+02	1.266108e+03	8.764659e-02
9.651078e-01	2.633882e+02	3.747764e+02	1.266108e+03	2.729162e-01
9.651078e-01	2.633882e+02	1.176028e+02	1.190379e+03	2.812620e-01
9.651078e-01	2.633882e+02	8.061870e+02	1.190379e+03	2.812620e-01
9.651078e-01	2.633882e+02	1.176028e+02	1.001260e+03	2.812620e-01
9.651078e-01	2.633882e+02	1.176028e+02	1.190379e+03	1.226775e-01
9.651078e-01	2.633882e+02	1.176028e+02	1.001260e+03	1.226775e-01
9.651078e-01	2.633882e+02	8.061870e+02	1.190379e+03	1.226775e-01
9.651078e-01	2.633882e+02	8.061870e+02	1.001260e+03	2.812620e-01
9.651078e-01	2.633882e+02	8.061870e+02	1.001260e+03	1.226775e-01
9.651078e-01	2.633882e+02	7.483441e+02	9.906420e+02	2.673789e-01
9.410898e-01	2.610105e+02	3.770864e+01	9.906420e+02	2.673789e-01
9.651078e-01	2.633882e+02	7.483441e+02	7.068628e+02	2.673789e-01
9.651078e-01	2.633882e+02	7.483441e+02	9.906420e+02	4.530415e-01
9.651078e-01	2.633882e+02	7.483441e+02	7.068628e+02	4.530415e-01
9.410898e-01	2.610105e+02	3.770864e+01	9.906420e+02	4.530415e-01
9.410898e-01	2.610105e+02	3.770864e+01	7.068628e+02	2.673789e-01
9.410898e-01	2.610105e+02	3.770864e+01	7.068628e+02	4.530415e-01
9.651078e-01	2.633882e+02	5.991061e+02	1.023506e+03	1.565372e-01
9.651078e-01	2.633882e+02	1.678320e+02	1.023506e+03	1.565372e-01
9.651078e-01	2.633882e+02	5.991061e+02	6.171751e+02	1.565372e-01
9.651078e-01	2.633882e+02	5.991061e+02	1.023506e+03	3.174735e-01
9.651078e-01	2.633882e+02	5.991061e+02	6.171751e+02	3.174735e-01
9.651078e-01	2.633882e+02	1.678320e+02	1.023506e+03	3.174735e-01
9.651078e-01	2.633882e+02	1.678320e+02	6.171751e+02	1.565372e-01
9.651078e-01	2.633882e+02	1.678320e+02	6.171751e+02	3.174735e-01
9.651078e-01	2.633882e+02	2.318344e+02	7.934937e+02	3.958390e-01
9.651078e-01	2.633882e+02	9.297250e+02	7.934937e+02	3.958390e-01
9.651078e-01	2.633882e+02	2.318344e+02	1.161519e+03	3.958390e-01
9.651078e-01	2.633882e+02	2.318344e+02	7.934937e+02	1.980469e-01
9.651078e-01	2.633882e+02	2.318344e+02	1.161519e+03	1.980469e-01
9.651078e-01	2.633882e+02	9.297250e+02	7.934937e+02	1.980469e-01
9.651078e-01	2.633882e+02	9.297250e+02	1.161519e+03	3.958390e-01
9.651078e-01	2.633882e+02	9.297250e+02	1.161519e+03	1.980469e-01
9.651078e-01	2.633882e+02	4.708917e+02	1.341880e+03	1.947664e-01
9.651078e-01	2.633882e+02	4.863542e+02	1.341880e+03	1.947664e-01
9.651078e-01	2.633882e+02	4.708917e+02	1.426093e+03	1.947664e-01
9.651078e-01	2.633882e+02	4.708917e+02	1.341880e+03	5.648231e-02
9.651078e-01	2.633882e+02	4.708917e+02	1.426093e+03	5.648231e-02
9.651078e-01	2.633882e+02	4.863542e+02	1.341880e+03	5.648231e-02
9.651078e-01	2.633882e+02	4.863542e+02	1.426093e+03	1.947664e-01
9.651078e-01	2.633882e+02	4.863542e+02	1.426093e+03	5.648231e-02
9.651078e-01	2.633882e+02	8.518639e+02	6.040557e+02	3.496988e-01
9.651078e-01	2.633882e+02	7.321660e+02	6.040557e+02	3.496988e-01
9.651078e-01	2.633882e+02	8.518639e+02	8.503732e+02	3.496988e-01
9.651078e-01	2.633882e+02	8.518639e+02	6.040557e+02	4.149747e-01
9.651078e-01	2.633882e+02	8.518639e+02	8.503732e+02	4.149747e-01
9.651078e-01	2.633882e+02	7.321660e+02	6.040557e+02	4.149747e-01
9.651078e-01	2.633882e+02	7.321660e+02	8.503732e+02	3.496988e-01
9.651078e-01	2.633882e+02	7.321660e+02	8.503732e+02	4.149747e-01
